pca-1,pca-2,pca-3,pca-4,pca-5,pca-6,pca-7,pca-8,pca-9,pca-10,pca-11,pca-12,pca-13,pca-14,pca-15,pca-16,pca-17,pca-18,pca-19,pca-20,pca-21,pca-22,pca-23,pca-24,pca-25,pca-26,pca-27,pca-28,pca-29,pca-30,pca-31,pca-32,pca-33,pca-34,pca-35,pca-36,pca-37,pca-38,pca-39,pca-40,pca-41,pca-42,pca-43,pca-44,pca-45,pca-46,pca-47,pca-48,pca-49,pca-50,pca-51,pca-52,pca-53,pca-54,pca-55,pca-56,pca-57,pca-58,pca-59,pca-60,pca-61,pca-62,pca-63,CIHigh,CILow,MOS
-196314.9490813164,9595.508776278764,3161.7653853105694,17493.760749667264,-4146.381794016042,-833.4866999157143,10676.259158492712,607.6863165547278,-228.03863891684333,23.856263091519583,23.092905943945137,-14.759624440284618,1.5224821569599067,-8.520771368326294,-9.268633425213851,-18.457040348304997,-20.851065642471237,8.267816866669378,16.42157548453658,5.151106690448996,-21.377881727930472,22.145602425529653,-13.10164937428556,13.355761309820124,-13.352937088274906,0.25162832235087096,-8.516323481114085,-2.1656442310333484,-2.0255930454073106,-0.40748518634639497,3.633965060892154,4.500540719253301,-9.568547964409081,-2.686878248389422,-1.6755940165283427,-4.292750838844,2.7704776776937776,-1.6752842260117926,-3.0490091351931103,-0.16770598647791568,-6.633838144261162,-0.8443963080173389,-0.6302611286016927,0.32878311372227975,1.722358207013519,3.001247701293199,4.443477669430056,2.452944146103488,4.415454011452907,-1.0410892695061262,-0.7661493069904985,-0.424230897673629,-0.3241305422924548,-1.800931276238126,0.6011339480552558,-1.58743826179777,1.309460342919297,0.8965625924621453,-1.876302829987437,4.950701240352422,0.9458565890990234,0.7938946334734788,0.3769337255751074,3.319639376,2.7838089,3.051724138
-77623.80415645451,8546.810450910185,-33746.92790297067,-6352.8893270754115,1261.9460299495156,-3683.5859688268924,-4941.795449210747,-626.3483863374257,-129.85301687181538,16.036685767161966,10.65538924039866,-0.47773421453367176,8.084660187212716,-8.079761748503286,10.607114825064496,-2.6670628413165387,6.907496368058906,-0.43553075594085167,-2.166797587429656,2.5091494263518466,-2.426054447789664,-7.213749743260937,2.7153171364025113,-0.6759531508841066,5.444355631000595,4.159038049735621,0.841980856970214,0.21046384424939724,-1.0729475001109319,-2.536451437851073,-2.9161796830063853,-2.270895800295924,3.1827073549175227,0.6238995594713691,2.4070883976751687,-0.41206521149063685,-1.6709094291521045,1.0365667123832703,-1.2805750345885618,-1.445679587091132,-0.6087537224819889,-0.4601345592803552,1.224512861035964,-2.528774412958063,-0.4002403630083853,1.1250185965743926,-1.18704725925849,-0.8964130915218209,-0.40204937065800395,-0.32005069712074286,0.7467026121593776,-0.7712371261433083,-1.4492969893303582,2.6783808293720033,-0.7342643432638465,-0.6860880390219902,-1.4510753641852325,-0.2638585576093963,-1.1251298052726042,0.47005299372821346,-0.27601174962702096,1.3665643422833273,-0.780912564905553,4.24461591,3.686418572,3.965517241
99227.65415197512,-4755.5258272431365,-33862.494215331964,-6835.916160387942,1189.5456986251734,-935.8738712853628,-7030.3016892682635,-609.4672945359227,138.35032380034284,-64.3471589174413,7.553299233989741,-12.157826386947784,11.222043532657327,0.750904096795305,4.788981420556925,-4.0245391737316725,6.100150924603098,-3.5143099996461786,-0.04638809098247875,6.296157633089102,0.8298560013905583,-2.880781140016051,-2.255560010623775,-0.08153543094625251,3.171999186992685,-1.5510131071282707,-3.3547838587564223,-3.3723859834185435,-0.286252908724405,-0.8660663392265667,-1.5813037957794076,-1.8682854590056428,0.6565935652848458,-2.3839753269275117,4.469907795362896,2.993110978717251,-2.6820552845025913,6.044020371691868,-0.7987522078452316,-2.875572534548094,3.0123919814976357,2.2608759869695016,-1.165801273605693,-2.7363676033765296,0.4323870517498996,-0.7810349460011706,1.472441144835431,2.952047114825793,4.277609485070557,-1.1335759383725694,-0.5235204128246682,-0.8337239760206302,3.119158909053279,-0.9232345454793766,1.3031812952953115,0.39142304514560033,0.9903951338361363,-0.39848568500087755,0.3834095071979269,-0.429088945725076,0.38059502168774695,-2.17022639864437,0.5090714035101258,4.386792309,3.909503987,4.148148148
-154773.63207690258,11063.610520818927,9864.415822993107,25113.803782766707,15831.143868568197,-10034.5466253241,-1975.7628768217771,422.87561400229396,731.2311603859479,-28.11083564176401,-52.56112379746854,31.833444763827497,35.308691643893,-51.51308220552658,-28.137520250311372,-37.960093304284335,35.22915267715935,-43.695798532379364,23.30525506968583,34.946873098532315,-10.63851359681071,-4.19050587861364,-10.369807035561372,18.10239443656285,-0.2710056406701716,-14.38515828696158,20.49525285956976,5.924528953987305,19.022353758534347,26.079769148121933,-5.918692720960171,4.5138290204248515,20.079286653110803,9.56938871961254,-11.326291659008476,10.583540979439764,19.169914722534592,-19.732075061724874,-13.373983965224186,3.254940208312807,-1.2212447541475173,7.117562197408129,-7.439742615496855,-1.0335975458140854,-0.9124346381768288,-1.618358371116857,-1.825543061753126,0.07775151530087451,-3.9017809392544573,5.026025458436949,-5.752383819214534,6.548615581050807,0.7334849222838765,0.027644061051001298,-1.2199423512608807,0.9487939017061117,0.9649195167645696,-1.4542500245249026,0.9611034182418076,-0.27371158961407915,-0.03148570406654916,0.6526081631602746,-1.6784076563623636,2.303374142,1.770699932,2.037037037
-126571.56289184795,21905.741775529077,1497.075184791679,-18507.148546627683,7891.283239722176,-23158.03715155363,-2067.5690766944863,362.5843055862775,-287.55221199329776,58.0655692586205,-18.71508384476758,-13.325620855985655,-8.60140284232843,3.197722677459381,-13.09692096861006,23.81151475769258,13.073191288160015,-1.6531879456993466,-6.809505828833122,4.890192597775171,36.67326291192695,9.974926170013404,-9.670579136504783,15.690150257103156,-2.6706952396375923,-12.001883335780432,3.724661636012546,-6.715009018367116,-0.04872305672742481,11.516689244989555,-1.3081478191293354,-2.5561389621719184,1.2099530762463049,5.622055651035572,0.327785932147057,10.9660602692867,-1.0696624788555025,-0.4027339263873339,4.995207728331515,-1.6093636498976736,2.8581301607407745,-1.3219877495935142,-8.955300759743881,1.4006384505231844,-1.7698214514590624,4.030563448897774,-0.9266617803387215,-6.981398766537819,3.947971878077313,-4.627085635442857,-1.9620793781362802,-3.78477817978872,-2.1786574585696314,-0.9120731823332946,-1.5327576358057977,1.2552491326616122,-1.0526588182311443,2.4335654216294578,-4.5268371948556325,-0.32114003544720404,-1.2512187380244164,0.06155851666960127,0.4250615274446656,3.665622055,3.092998635,3.379310345
-77373.06945264217,-51259.120322478535,11640.217338242564,4125.327942557421,-974.0574356793627,-303.70657813813045,-6896.1167612095105,321.69489427135534,-32.27103273692484,-41.91985227921523,-13.835733353128187,13.627663988190415,-7.200706839143849,19.15877604858518,-4.956267201482868,-0.81389870583476,-5.982680442952725,1.253726090084406,0.1006479552504978,4.619365038471969,-0.6222540532821135,1.1217970371483776,-0.3210617147053429,2.883039867118191,0.14567919564944606,-6.217461165984422,2.0367303677843607,-4.79864341712976,0.047234869471338786,-0.1584820146250029,3.625911800138306,2.4596491121668933,-0.9856519564018855,1.2648011092815528,-0.4379398462838937,-3.9134831137467505,0.038157606743373526,0.7677136078036954,0.08935962263477906,-1.4964005740150084,-1.630390323771122,4.277357217874251,-1.898202459461407,3.44663038950779,-0.5221867254411349,-0.4827547015891405,4.397177343697288,0.11330587538795127,3.7073262635306765,-0.2552899508162257,0.039719878451105334,-2.369056965695547,-2.8687927541536284,-0.11471286838059187,0.24190890545169802,-0.3402871309220906,-0.07160472158925796,-3.1418691524886992,-2.311511265026615,-1.7964975658025346,-0.3250637729179722,-1.2848937503909066,1.6892343718082932,2.728559181,2.057155105,2.392857143
634664.4833016027,8022.255790935339,-22450.53590118068,-6087.790261845603,3929.7544717277838,11695.964244109262,24425.389754910502,82.45090960059791,240.03245792817043,-0.5927045882435893,16.80620804000781,-3.8843649977838886,5.85525930866816,-8.481168968389367,17.043743357763823,3.436237837309968,-1.9110688416399646,-2.187943515388627,6.110648626226047,-3.045391848608338,1.2839532777899902,-0.3563446195463575,-9.209164639783204,5.779533688650758,-2.9625042855280013,-1.1651292578140748,-0.8417551512834358,-4.181535797447905,0.3769151139912461,6.028958986578122,1.466564873445892,8.053345610900797,3.6649721443260352,0.2831438546188123,-4.19895210543115,-1.7231462464355805,4.90525151200379,4.1808816042472605,6.416492736225514,0.5837540320227437,4.536004193374699,3.9436571242216436,-0.23374619041322317,2.4087922689537997,-1.0610219263788063,-6.1513293861233285,2.4535235196403202,1.0536037981571327,4.0997041626388615,-1.3615385018193895,4.353759109375407,0.12241508761155243,-0.5515826668523209,-3.091381993759887,1.419255719123589,-0.32529346046326085,-0.525832498832709,-0.899843373918642,0.5862060554876879,1.573907090254516,-1.1771268068604381,-0.5278299337750915,-0.5641734839162252,2.694792401,1.945207599,2.32
477412.6598567944,17033.314928325384,-5594.913974668192,54905.21795046503,-16895.965544373954,9911.09848935394,11542.630826374843,-170.93054861085304,-45.54395820587965,48.27641643011601,2.8755767158767074,-29.27427130948168,6.049134244221045,-1.203636313357645,8.696875944124036,4.512064627818029,2.8969212693826183,12.599775595759127,-11.982792607480919,-3.991922998212919,20.795239923305456,-9.700938286326199,12.527631081474496,-21.03279025678038,7.883449872544499,-4.946527559875693,11.284410105082236,-9.5240859057138,-1.024439376936256,-1.9064785990006659,-5.660717022532354,3.3806285320502307,-0.8899581440367145,-6.33746132313089,1.1231476199871775,-1.4595347809053927,-1.4540173373248957,-9.055012186568106,6.432325668010997,8.57570677916469,-3.728120442886988,-9.377075212624485,-0.7750733362370891,-2.3952287495695233,-5.005125247166238,-11.162409503634281,-4.430878815566117,3.9463074833726783,1.2047454336347427,-5.317841190876137,-6.777746157233132,-3.1647922666874506,0.9241422127217362,0.5457890260818222,2.046500889040825,2.5589769385465186,1.8538935912001675,1.9988419774994346,2.187326273235329,-0.3630356495209285,2.4221460188281445,2.9152230138392476,-0.9425082304540965,2.686788331,2.05395241,2.37037037
389190.72284239845,48615.378784341716,-2411.5975295226044,16896.897913123554,-55914.66786103384,-21263.71193275531,1180.8719319166216,540.5816910920396,-381.11892068083284,-52.30876705103625,-26.99961598747467,-30.268814899361164,29.856966934454395,2.788542654373342,-2.138641896036692,2.7312908774412197,-12.19365765407117,-9.48803844005062,-12.722716286501695,22.053809817186234,10.619847657768597,7.8446011557714055,-5.43740997163944,-18.446265496760837,14.501889391910023,-36.50357578168143,28.414635722818186,44.89159007081378,5.838045590394343,5.394159144352498,-12.301805730033283,3.042388153404841,-6.987443258047693,-7.340867430006754,-0.3039107618877451,-11.10786621832122,6.785645392644246,4.729509364947337,-3.987910547581131,-1.4820161556248244,11.17939557953664,19.645819038996816,12.709284463840186,-9.954268921269152,-2.3974543551240544,4.738331933359493,0.45843003583764946,3.407814780694466,0.5401371664562847,-2.2654447572460783,5.529526971268668,-0.5790781084801179,3.4651862961707307,-0.7542165897773102,0.32878900103917097,-1.0553907614131297,-0.9697500107523125,-0.6206500928525583,-0.3242146598678356,0.1995419463944926,-0.4394274119463993,1.4794171283653414,0.2729935433155087,3.95457961,3.30467965,3.62962963
-14347.637429979073,13297.01285794575,2132.1441083389723,-37660.141532212256,-24478.089149886444,20627.028754354335,-7234.001214949823,487.60371421028617,-467.1140196224344,-45.14031427393996,27.38520364906537,-53.18605995967627,-7.813554256114884,0.06378178411205347,-23.224103958811572,19.56570175008177,7.56014659438004,-5.018823667226373,-5.606599979265873,4.331322889110894,11.191225427052258,14.418310579361052,-12.941822510430436,16.807117485019983,-10.461416597621218,-4.926435803872718,-3.7221766678744213,-0.05443654375124245,2.2397597996204492,-4.113674131628307,1.815451587332088,-3.991512876652049,0.6645861809819483,5.321228324661234,-2.6083834142360733,9.53167970926129,2.1701218966577756,5.875639194412972,-0.19336269739038786,5.238706954473678,-3.401881222229477,-1.3926249295336652,-1.0424338326450613,-0.4517702262922429,-1.1239701105705502,2.877030724800838,-1.7661610038306819,-1.3647541457275838,-1.2374681763142934,-1.142188990231606,-4.135969221921238,3.261263868241459,2.5373361201741114,5.212157041686119,-0.2148545282896495,0.9279697647608677,-0.7713517391986338,0.24466684279193615,-0.08356137216359286,0.08994806477632224,-0.2434331972070175,0.8022394396129287,-1.389962281070358,3.907056989,3.437770597,3.672413793
386217.6863059458,-37229.05160606479,2618.1994183551296,603.051745183689,1103.7924264184583,8133.750324522751,9036.468176121336,-266.73895311148925,164.072285194884,48.076836097934354,-14.827340232162022,6.001363753152974,-7.306804766484953,-4.872009242981832,3.7346287306763113,-0.8335884251383261,0.09023075520235957,4.298371355221237,8.091123758509703,-7.776383564045752,4.570120245668725,-2.6114469045513538,-3.9199585911841344,1.53433330285112,1.071096989631847,-2.161067962230339,1.1502234221680874,-3.149067159101662,0.5793777760483524,1.8695855246295041,-0.004683785521136338,2.5575472457121373,-1.9053923144351164,-2.2541115743938676,-2.3974811822289612,-2.509752316160394,-2.096558763297048,-4.7947945771994345,-5.111494211081714,-3.326262170146459,-1.0402840785797105,0.6794118515352748,0.8279591201646405,2.725597196252011,-2.0857300304329054,-0.9228437698597844,2.924609661119567,1.1787282776519665,-2.0423467599811636,-2.223141678738815,-0.6226671243901677,-1.649921413949699,-2.0041273014274763,-2.2585209293057336,-0.4635067834926909,-2.5583297330847388,-0.40817423057360075,0.148369825473085,1.4087095482618737,0.14267251899340225,-0.10423377390272125,0.37829133161278716,-0.9282553527126389,2.692561138,1.950296004,2.321428571
216089.48208071644,-23656.942361438814,20048.952872207203,-33869.24849749142,-38890.5436187486,-23529.523560838534,-4136.746243538381,372.51119375195196,26.863075075728812,57.65785888347339,-38.770969133156505,7.745288772839933,8.539321972244885,5.786163522937601,-9.03347274205216,-9.763317219549876,-32.28030812020057,1.4166467030457637,9.458900731631093,-21.81298746528848,-5.026648381940267,-13.915987799012392,-0.6563696559754745,-1.0930789182579317,30.21992351817106,10.97298154140709,-14.392568557313584,-4.250040232542209,-14.57929772945829,-5.0655872909471045,-4.2819641834433515,-1.8672677206614368,1.5562925351566161,6.150456151301186,-17.45585362355275,10.079854677723784,3.3171925231638046,-2.196132052881019,-0.07665817188144108,7.782505730166592,-1.58864556023233,0.48773440419692937,18.027459921981,11.528982983843058,-2.707094383518407,-1.7441311965186699,-6.538281674561623,13.116979664746632,3.346430406403388,10.85702954501205,-1.717989330359288,-0.2655803750301266,-2.6595056310328538,-1.0247037749159003,-2.0861151902263377,1.6050348819751517,0.19565930403550322,1.874314769552949,-2.1433832398122368,0.07263705244970023,-3.6562697397517363,0.9791857539890652,-0.3787587460416779,2.986568337,2.293431663,2.64
43566.18165511425,3740.3625775695527,-14774.153173958775,35625.04043198835,-12291.00825522729,46.98797273324731,-7457.201436953142,-628.9251309026114,-216.3071670689372,-21.93910616107231,-56.215112612211136,-38.91277980292613,16.14420965499343,4.773396054845539,-10.855508906758597,-0.3362830508281398,-1.4177147946571695,9.10192585143294,0.3812326846285167,-0.9169274025384414,3.8719672294620016,12.583609967783348,-3.4654934744455193,-1.0866206471954454,-1.5330906906983093,-3.816332472872185,4.532183287322078,-3.8691796975182813,5.163282115601094,-3.650640188889563,-5.161529062388935,4.653887797389543,-4.664476957680348,-6.996136215239579,-1.2508295600023704,1.8046553819932802,3.1160081881469774,-6.2158793485405255,-0.07689810973038014,-2.22497834425916,-1.050298642321956,-3.2442583314063587,-0.4448746990974758,0.5335535756451006,-4.85326538258297,-2.7940758767704117,0.6799984420019224,-0.22910859778760043,-0.5883019339292684,0.7459906452161568,-3.04173669568526,-0.088349461260452,2.8038023151138987,0.6111129563761849,-1.57106511376475,-0.2773908545943888,0.40717592121735946,1.272179311266636,0.1592692297697968,-0.24527815632636502,-1.3385824813397698,-1.917233506574957,1.4798475634337944,4.625796982,4.159917303,4.392857143
446900.39699384663,-12433.825912071243,-30047.306096160264,-6979.597634437049,1941.6121556192786,5961.056783815921,2148.5770374509502,640.4610525059562,121.89868655634449,59.846989757185256,22.599379045362824,-4.813773779129399,5.1943345200177635,-3.9055206722212157,12.661081108433155,3.324492459390614,0.7668096121290893,2.3126048985214194,-1.2733404809697582,4.107499482173982,-2.8478442765164216,2.2177722255994796,-0.8697531800935334,1.5261944897770654,-0.7316086134634133,1.334372147982855,2.3615898826795076,-2.1656493963685843,1.1886251630472047,-0.4197454747855363,1.5166090781917856,-0.9539744914792343,4.639911440280621,-0.7583280755686147,1.003919387798736,-2.047409918894242,-0.04832225172700153,1.3214643857268626,0.6298975192911308,0.6208186496493813,0.48608758848527567,-2.2409557591547076,-0.5165914560020431,-2.027647690072243,-1.648063066677886,-0.11861935971495334,0.5994949092756665,0.043815050650965345,-0.49666211157846424,0.5854292589703575,0.622653999855792,-0.11649486004320685,-1.1738220447565548,1.3602395027641552,-0.39095808239960683,-0.7649069687570498,-2.304141149173846,-0.5537872388217135,-0.8253941492542232,1.0543330593964853,-0.16240630370692832,0.9229722500486081,-0.17425741051724153,4.751477668,4.284236618,4.517857143
-120360.2144303604,10134.504422074378,-15464.959965841648,22522.003356326073,-7584.0766909103195,-2545.447962683113,-3576.8105060886764,394.2799169813325,16.6340587752191,22.81931700501461,12.076920535977308,-19.452364733752713,8.178205997836116,-5.849690202704259,-6.169608834991965,-18.200989237635987,-9.840050235996975,7.877683557737243,5.516020428115895,9.129777908062511,-18.451747375027907,9.151055985342516,-0.5923488387828544,3.1000570305000505,-7.1517401100744316,-0.20777885120009523,-3.4393169014025187,-2.6537242110443513,4.275640778470993,-3.4782229061793903,1.8835245740120794,0.17014632580908404,-6.5277648631638785,-8.024257399230908,0.7991612663749799,0.7553838458110257,1.0088177319529719,-1.807492048912877,-2.257812430382643,-0.29386540288820123,-3.434921094275044,1.0982428371306237,0.5834937728575719,0.2538263189879259,3.3079078643763316,0.05627147687325579,2.4499756139636193,1.9587885277202453,0.912703966201219,-1.669289806767998,-3.5100271996055654,-3.4969111842347087,4.150314804295486,3.1814696952515193,-0.4397121479347836,1.844114431660139,1.589331028561782,0.2562014638821948,4.577464432082311,1.3519107623787279,-5.6821651529765616,0.07170351688868952,2.3483034671984893,3.531309226,3.020414912,3.275862069
-163367.9424092974,21797.332188098386,-32191.98993111578,-5952.286664872515,1586.649146947167,-4124.777660066156,872.6567483242205,450.7675716099969,-236.08846230606983,18.799236483393415,8.170552756328583,11.035399638944561,9.664499857813134,-7.603536138809522,15.341410936652737,5.153890374141336,3.525803306542385,1.6802742090506186,-4.176605777083033,1.6215931749418384,-5.947923098159856,-4.831444103029679,3.772113921638622,-3.634503812868312,-0.15725667623332232,4.375583805070555,1.3682731328756312,-0.2617518263420872,-0.7688037305451847,-2.677762024569738,0.44315198290993424,-2.358225003764522,2.679078477879269,-1.6937960605702533,1.7935324512424982,-1.1370740661127012,-0.19352595377472556,3.344101270979844,0.7960523571846763,0.7534856583220356,-0.2167384282801196,-3.1264695920865493,0.7624588851203112,-1.2753647702887965,-1.2525576162431762,0.44679698385292177,-0.2828623970645749,-0.511085371851931,-1.0657173953777472,1.3657509081399477,0.06586529388604091,-0.004810483998074449,-1.9825581732460011,1.1253154211200453,-0.2784757068838413,-1.6124122963304954,-1.671328638400273,0.06255717723946279,-0.05132736682601179,0.3239262024766915,-0.35569743642452845,1.6472441309340582,-0.9844157791239887,3.369995498,2.880004502,3.125
-208889.81068729376,-10423.582690034857,18617.65368208767,5631.350897984875,811.4602819872457,517.5143993555707,16578.644108299664,-303.23312287240657,-126.75817805670535,-17.649713914384318,-2.212773873652728,8.285908765198219,-5.659339819314035,-7.532160347340522,5.820898044349127,-8.289000424732098,3.0742613042262645,0.020160300183685798,2.882361161918576,-2.2456399436261045,0.11470347056097342,-8.50082357042047,2.781287060489453,-4.198408300173339,0.6212705016794611,0.5331030412602674,-2.8447144273263243,0.26503969418226453,-1.2936271794733654,-0.171514169651982,0.2531827239601863,1.4363308201081761,-3.442060333831499,-1.4414271492606423,-0.4395060931882879,2.467138151241557,0.45625192554316785,-0.2522239500442491,0.8708895624704102,-1.1171858835564743,2.6065330969533713,1.1317604879436916,1.3917641019577651,0.18383314465559214,1.2801932815607726,0.09199993202203796,-2.177306305377686,0.8834325186485993,-0.9841241549644073,-0.8745435235155916,-0.31995987102280593,0.28655156830357537,0.42651356311394717,2.0729175789690677,1.538901930337224,-0.24684525435024537,-1.0402804284267226,-1.8787011165212841,1.9930307035290606,-0.5618106543721765,0.726880921328919,0.5286860720453559,-0.8799260923562411,3.24043084,2.828534677,3.034482759
-162708.44575793878,-27985.137869965205,15460.28610180655,5042.935985792683,66.87064208760432,-257.406854898181,6039.703594694554,525.3201559630177,-21.105871588435736,-13.28593720138602,14.099172311561619,9.192742664867755,-7.494132395872353,7.112566483977807,2.0327527576675273,-4.001654152295052,1.3789827617029529,5.09034292618669,-2.127764865982879,4.547393508366108,-6.174552419728032,-5.537271837155388,1.9913120223110239,-6.547475800287805,1.9675576028128738,2.5004819665477998,1.5920716807169044,0.4604425597533855,1.2502860151761768,-2.345827909113622,5.644321110882006,-0.3279357048326783,0.7147100018894336,-2.853521887241946,-1.5328928747027013,-1.1324237954889862,2.2416492057666675,-1.687918499793868,0.6052772485971856,-1.100653087169443,1.1684267148853122,1.5262047082822952,0.4930545419991551,2.6530211433689317,0.4672875240856405,-0.07648052406431058,2.812536197187543,1.0530406118545022,1.7011493317142274,-1.3178425036971435,-1.6627778567099192,2.947950305460543,-0.19786261659805496,0.16939592642790718,2.3114223812341543,-3.3985116098797015,1.126894953897464,-2.7768930496689417,-1.9800090656129923,-0.05652200391690658,0.6379030545062458,-1.100881214735663,4.027677937264836,2.558665314,1.941334686,2.25
-111409.41792087018,7566.273027124966,-13194.476860766184,-10196.169546694855,1645.6606475438548,24020.3061567904,-853.0334106832763,-435.30207462478694,-165.14931186331063,-65.63445664180584,20.500772878394937,-33.43104382557605,-0.7390700869253365,6.485801015730415,-20.63573040554643,10.591642703750693,-2.6776339502796964,-14.432921421236065,-6.560766888080384,-2.9160751846626103,-0.5815288592439527,1.7701798049779631,1.879454134959758,-0.9959488675258376,5.278153572817315,2.1502820448993964,4.6218712690409465,7.164601677805912,2.0962164138176482,-1.9868842610844981,-1.0387470942730377,-0.3287181056349503,6.013770593820578,6.57158323381754,2.0931776049330724,-0.04098219484943766,-1.7487351908625697,0.3549546031798661,-6.187189232449101,6.162843923581729,0.9772873666384497,2.9385027505692225,-2.066922786772931,-2.05244012954696,0.6768591535880834,-4.730257226835221,-2.9016320417148833,1.5745094077005284,2.7671089514431726,0.4677875011133209,0.5445237038421106,2.162650824787259,1.1365517829320517,2.386606673156349,2.6543721213275355,0.4577508441343811,-0.8417809596056833,1.17683416312343,0.37996931708442155,-2.862556040817951,-1.3552097111008314,1.4760640560492353,1.0120162566347568,3.388944946,2.921399882,3.155172414
97204.7485108948,-4979.347650116641,-33942.18420779371,-6844.768339546283,1163.1774161851674,-995.1747963934966,-7270.813269589342,-612.1652701780239,232.95937854665826,-76.46632914262214,15.306174981710955,14.884818776817498,-1.8249119047583382,16.458221756988664,6.650814570557585,-4.945944656212865,14.248059775809574,13.045579731405732,3.6761649066261315,2.2738886473716495,-4.297477453287171,1.8229083232970815,-18.050173129330634,1.4354609782925076,10.385199381333116,8.846556504734243,13.739958965444005,-0.11571161938298404,3.629529846920314,2.697095220553476,9.609960510815988,-5.258209604674768,4.739271741094129,1.0845293044392197,7.63041760995415,-0.45431934632066984,7.0743367765591465,-13.234020598304495,-1.2654870108725536,4.6735306480687155,15.691285640994739,-8.75746284873455,5.476902768531272,7.783705499852426,5.881689896426758,16.89910987468722,-1.2259817118923964,0.6191988699773666,-1.8732270475987303,-2.5684963182780276,-6.56272628385593,-1.1179978099074748,2.996563845154912,-2.4025513305523147,10.482604195590865,-2.502020262021769,-0.5173258659949977,2.742371929863287,-0.2883952733402503,2.836592773900344,1.6182998758691587,-1.2412739092132625,2.0581406194799343,3.002162168,2.354980689,2.678571429
-191644.61798483308,527.3264533827014,1790.402047303977,1786.1402923820353,1091.358878248327,-966.8832707170255,11589.16983336657,617.1341954720756,-243.11419269430766,0.07323449810432427,6.401951363017372,19.06199778617375,-1.6409317800473668,-1.3175672453050042,8.990296675929772,1.6650538911897184,-1.7979685840893762,4.738141777361531,-0.1316323916414917,-1.8250330138042272,-2.9496063500935863,-2.767656807936237,1.1608233481558796,-3.0336651047790455,0.08581002029753869,3.106771252692458,1.0387029577246365,0.04993330629975403,-1.3939057153494394,0.314637344626175,3.3783326804468525,-1.6629782330544323,1.1223845716174907,-1.1945463622841417,1.5579491197039759,1.2355987156425488,4.153006532795782,-0.5165633237543379,0.8862943384698578,1.1540230504052584,2.448899866735174,-1.7905194435098533,0.6178976505415608,0.3684795130975042,-0.11063084692953741,-0.7926077708563383,-1.4290900570648337,-0.08382665202508283,1.9285593100101823,1.0969243832001623,-2.249458082212764,1.1303467636331133,-1.2700903699892914,-2.286240732500479,1.325630264353567,-2.035855189936375,0.15730691466952318,3.295231289012652,-0.720716364314764,-0.8416178427644202,-0.06305656511022588,0.3328543512871893,1.3139882067475086,3.094947531,2.491259366,2.793103448
632550.9162240347,39636.769784009295,-1546.293268020476,-8841.07195127228,59048.29020220583,-7900.235408920148,21173.810137798435,10.373017555697738,-210.38601933891206,-53.570012354690064,7.29455410181434,-48.62968059690534,12.212178902655886,-20.07658048512734,-17.415314792903075,12.935142953648047,12.400526997301084,-2.910251789855493,-4.340731226236263,-7.259925514813817,-5.297059225127733,15.080602553944166,4.334752592862996,2.5460144834811302,-8.37016307538068,5.872892830228092,-13.61484227740575,1.1438879794993484,-3.3854510024161018,5.901947168718041,5.942488114573069,1.3371197931824443,-3.2027755788579833,-1.6627954774375575,-5.698818677316316,0.04350019278329528,4.868232238636306,-2.1836971473566473,-8.646663578912024,-1.0008276714358981,4.5231618106680465,0.6355264022329814,1.9846290641874231,3.659843432770484,2.7030782536919618,4.250483216930431,-1.8219695625060195,3.3301468651800135,-2.7998586507487517,-1.6401612728648813,-0.5487126035207824,-1.6834599630166258,-2.7515643752369945,-0.4002841774237821,-1.5536206466442375,-1.1101049990638259,-0.9215710860685516,-1.3213275942837412,3.419693186652823,-1.5264229816179382,-1.2902494599347507,-0.9166267110809134,0.34633216513185905,4.756993215,4.311972302,4.534482759
-26717.79814592116,-36667.71102989085,-3831.7859878524077,438.99882701376873,-340.0749133596906,-763.3845797258252,-7908.284908053043,324.39646950260476,-13.540115094163122,-42.25975710595593,-28.0367694441723,9.880701485920552,-1.5299630128672264,13.197332685954109,-0.1911337381099432,3.4311785794543597,-3.4950604644809524,2.2245834217788145,1.3421833470360918,0.408026068256976,1.2551526170797904,5.513568825159071,-0.7685457698102007,-1.4854574648723802,-2.181529528258183,-7.167027918421411,-0.49561607615850894,-0.4029483520171425,4.913744244257037,1.0286278057172311,3.0562924590588985,1.0422762717942593,-1.792663183083306,-1.777884171834145,-2.188307662692161,1.3163620158821532,0.8363783017118089,-0.8054248577549307,-0.16363476937138305,-0.21341081929077754,-2.1886314400711577,-0.06194829677687756,-1.5981325582694057,0.08475835848744347,-0.6016308568409454,-0.4580787845495024,2.700539744464332,1.1172388081565612,-2.6465593352427206,-0.09361148219264298,0.0065293882552025125,0.4250553275779866,-1.9860026831848252,1.2566603799831204,1.0517789588710165,-1.779431891553589,-0.9782413045785465,1.8811089948487865,-0.9149619541696433,-0.7117943620396722,0.05128669638924896,0.24749634510234267,0.44586075506040207,4.373132173,3.780713981,4.076923077
52139.93679653556,-9887.385123787437,-35769.55001414476,-7059.3168983879605,690.7202763207719,-2377.9619874102054,-12627.966801170294,275.20756701203976,-42.89203821327953,-34.00780153846975,-11.943581860163174,0.46056821197311487,12.280958137924056,7.314585506499707,3.5806492367150193,7.387276003587009,1.4535935451415265,0.7231804654366293,-0.8042549619840165,4.153243990780508,-0.7726438992830512,5.217079330573603,-1.7680963477534182,-0.39981574682812215,-1.190571990745295,-2.0963521433633043,1.0357066815406715,-0.8735213589411618,1.005460702647739,-0.9337191474759622,0.6148950108936269,-2.167877473475202,1.9052606309720628,-2.352928983177676,0.7408361700146417,0.3523405399708962,-0.12187395012637066,2.7158371071632748,0.5106617710243617,-0.5338110227149703,-0.41416476117190926,-1.9163209825165959,-0.6808210691628708,-0.9416549542890553,-1.735022714723085,0.42172800427004875,1.945022063884081,0.8214165347942237,-0.898195662744275,1.8210418237295294,-0.2648054277449937,-1.1550343288426923,-0.9975770860104384,1.3392762695348948,0.8680604266426799,-0.7424592575027456,-1.3579479699913335,-0.5015739269911242,-1.1576445288571047,0.05997833266792331,-0.05089314868546492,0.6895429507945421,-0.947256691380878,4.655644914,4.137458535,4.396551724
50030.00805463143,-10113.997947690532,-35856.49758971007,-7070.235058568278,668.2179192101155,-2441.944983102055,-12881.309331454475,274.72895610646395,139.7741577076831,-50.99456025860899,-18.223683695067436,-0.6449472924105235,13.212484417786344,7.152107219209504,4.622596526424526,3.343654990421505,4.01088890541954,0.9177602493112013,-0.5021276686033095,4.386049271018254,-3.7249549363011774,1.186470080982677,-0.13967635031586328,-5.986585702984707,-1.3726886408885481,-2.131461825390803,-3.2525572770981097,-3.040587062070888,2.4910815409122375,1.3759663103752957,0.0015360483122355303,-2.52768688486767,3.447743568045866,-8.023853047985432,0.0961544222173179,1.9428978727515072,-5.093130714338935,4.184756589552715,4.116639075607809,-3.007662273338502,-0.8296460349109065,-2.290599323281319,1.9671693318009218,-0.6514955380442411,-4.902934569333689,0.18331281629284474,1.219570824250073,2.7540296197862606,-0.7305447464859054,3.2982902967776075,-1.444708966793319,-0.22202963024250078,2.13876545969681,-1.5632575391754906,-0.8024525964731927,1.1401783552786207,-1.8077275578147665,-1.0145336735985109,-0.41471310749247225,-0.3315234333315724,1.1813510600445574,-1.3804217705377773,-0.8242957062594494,3.599130983,2.900869017,3.25
-190106.43981239223,695.2418077847224,1854.476688790625,1793.5134807800216,1108.153867418206,-915.4386237070456,11788.662119720566,-377.9786296165857,-230.9286689905395,-0.3221854562112087,12.695290996482775,7.7391518945780895,-2.1114355248988943,-8.515440111667434,7.902357859765077,-5.097156831389358,1.8920619735608204,-0.8381123861409229,-0.5779728280323948,-0.5191967411906547,0.6156732710109875,-8.086082007844348,1.491815194879718,-0.12552040250517613,1.5039884836679147,2.5575682053406426,-0.6067864990478593,0.7603296806730475,-1.4779530241508958,-0.4811252367180044,-1.607051108776065,-0.9711922138113044,-0.5429781811310317,1.1225500030084443,1.0020291532945091,-0.38504053100218866,1.0170039328312335,-0.4253413991082242,-0.5651963877103261,-0.5099140451961637,-0.6787491470710475,0.7362085372191185,0.5292438882945689,0.2611536015076173,1.321094041154614,-0.46078924650249914,-0.47050795374921117,-1.172261041869038,-0.1485743010409847,-0.8710813873644363,-1.2519831760037679,0.010505176242105396,-1.5182202129309366,0.5174851873396238,-1.3618662325499573,-0.725772417020184,0.5803927949522263,2.533615344161657,-1.1638718533034405,0.13184163440350335,0.5007325550583306,1.0801201299504581,0.7731636363193796,3.448905722,2.930404623,3.189655172
-125345.11971585712,-14842.065660352768,-550.0972767849364,1293.4060038198718,560.8143237261975,-1119.0146444198845,3469.91477111756,-505.62609282273286,-147.9919563206575,3.59274821551121,8.184548998954924,6.667884093103346,-3.8273244368907138,-3.3633931068223495,4.1826533001083614,-6.369863762050268,1.403007158870167,0.4398057237198424,-0.004608782005821284,0.987175225351521,0.9144747668704298,-6.739492103904513,1.7003567755502276,0.6570474286352664,3.0380321970839366,0.754835349074952,0.04167279739170424,0.7121113473053744,-0.39091674237098484,-0.6664507877459807,-1.9439364107989872,-1.129679903435616,0.28071050479772897,1.7256628139680683,0.9617918838045845,-0.7472606305077027,-0.8374233155472725,-0.884280905224422,-1.382202752196578,-0.6568069060233951,-1.1628097219352762,1.5860802353565313,0.03968366063158384,-0.3432863353506052,1.0247184207379103,0.1841903530967606,-0.3037191892790653,-1.2668735265903324,-0.22050123891729814,-1.19144109031986,-0.9790754755356116,0.2645571672001393,-1.0367299872425055,1.3929787448407747,-0.8535968193587056,-0.723500754940643,-0.2599254727437318,1.6926984647196355,-1.1456286165955456,0.15106592190271567,-0.03042477693856639,1.0957560214246953,0.1971160498412929,3.954853907,3.366574665,3.660714286
-133024.9353194911,-15677.979266955972,-864.3225552550682,1256.435279244469,479.0073234347019,-1358.03372405975,2541.4249383452525,475.413043949021,-148.61847898236567,5.705789095686713,-17.905473484259936,19.875446409880936,-3.6474308206116985,4.33519579536609,6.318644216556787,2.1158597260670353,-0.3788322157184766,5.929152911223368,0.4515786538573216,-2.345082684503038,-3.0326329902605513,-1.6928104858186017,0.3845576823251308,-2.5236651055485377,-1.8273100031611467,0.1449181940156781,2.3762317830738184,0.13370805368443153,3.6837520735433595,0.2242445761950936,3.8456214333659857,-1.0904283056954713,1.7171522009976723,-1.9126083886359264,0.7888065056641705,-0.9420669070503841,0.6298542850432876,-1.724663327510942,0.5761799715933823,-0.0005440298619417477,0.8813173318449083,-1.5217645300645481,0.31058137304248024,1.5621083136830964,0.2624087247721402,1.0538188841187937,1.2062973800139642,-1.1606732220683096,-1.460109423882223,0.7155197352330825,-1.2780976096974903,0.9832054885006909,-0.8320981988609581,-1.2613338420447542,1.0147069231474348,-2.0799436794085806,0.042639547620041136,1.2719759894424454,0.027786870185800488,0.033794226346217385,-1.199679059296672,0.16587294665644786,-0.6038132127930457,3.454788469,2.978544864,3.216666667
127680.37018159013,-74465.5778586486,9678.06529616661,3301.2615358672624,-1731.4262025128257,2244.7970753191053,-14615.808687432667,244.56715345890527,155.14329288525514,99.3811426850181,11.832497317398524,17.674960422118225,-18.844199462236706,10.442647966548485,1.5867677331218744,-12.663394132298365,-4.803684245671179,9.324070815128652,-1.2293079428812919,5.918807175213788,-3.89362727913626,-6.714100815638745,6.401626055797497,-0.6383935023746101,3.5615390980844235,-3.4608483945256494,2.7981943533876534,1.5439789120850664,2.719157712610732,-3.279408554366443,0.5569393989748751,0.0409940016390904,3.294782063279775,-0.14819121535476493,2.231639018997669,-4.608501814474091,-6.3536761202567735,-2.90917883060342,-0.7538205267800421,2.6152309501953126,-1.6071782728650699,0.887372958678159,-1.0432753027560786,-1.7400179761715326,0.8279940390691989,1.762745033155102,-0.7417016753527804,-2.4836977902982795,0.1456540674875855,-2.295841206260408,1.3102212882537962,1.2728947495829248,1.0771525279910823,-0.2894938421848645,-1.0041892360641864,1.3475641755098646,-1.029693611646443,-1.0576876468507777,0.9287344564592773,0.8795901751106197,-0.7299948373205167,1.0828958031977212,0.9079481805592072,4.257197985,3.639353739,3.948275862
-199394.11838568607,8425.603062348118,8112.180355939729,-7412.285751959226,-9386.859531617429,-8400.138837909015,12551.896704026009,636.2256468190784,835.5649202116585,-94.29618785335356,-35.37932748677615,7.7705783878255845,-38.82334449665168,27.549411705452304,23.114093251228375,-3.396940662272714,103.02704481768274,85.84200840567144,-28.25423530485989,-16.842277595046948,-16.916266013049814,54.534547156101475,-25.88120733138363,1.5241162141510085,16.734306607175142,31.29569699564877,6.9461558760661255,27.597485173277164,-9.292500271830527,-1.6717579898996653,-24.332263854117556,-1.2165547633925828,-4.7871033255731925,21.229504701789466,1.3345838894955957,-3.9463087547094697,-4.741359460602555,-0.6699843825228347,-0.1325400787082416,-0.44639702893500316,-3.401085024761286,-0.9312090666785487,-1.0776873911079066,-0.11780061429564327,-1.1927824749625016,-2.974734253260782,0.2121317378720014,2.738168831418497,0.2604088093298349,-0.9124679091997591,0.24976879456436,0.3918844296619415,-0.2620846234745412,0.6448026537293453,-2.0655504634566064,0.3778131178884084,0.8637209005390677,-0.7512262681704817,0.3117155203561021,-0.8386060894278655,-0.28136942822985433,-0.24510009327318297,-0.08900094067113735,1.621677784,1.278322216,1.45
-77647.13002551925,8549.655974165571,-33757.39842326613,-6355.234525823645,1261.7264214190957,-3685.2650173060547,-4948.850848653806,-625.6334579177575,-95.5788102144435,14.085178355957993,-10.025177591793646,1.3096925602543725,8.266546527699067,-7.851410537044401,11.005467818923801,-1.1692753631984736,8.482482262710347,0.17340486945196953,-1.0109422376292239,-0.18849072977187356,-3.2666038131510793,-7.240605713056454,2.493118734021874,-1.9611747508630746,4.681617147694395,3.652554296777287,0.40210362178619247,-0.2232577918487341,0.8863156155043586,-2.2569897691459637,-1.9163068590095769,-1.0304581302750522,2.4310745863068144,-1.3905329823688473,1.6608286769278928,0.6718987806790617,-2.194406712843031,0.7840429289971982,-0.5937038462955819,-3.6390789494940745,0.5298028689250448,-0.15579803610816162,1.6201609830386885,-2.3085658192591563,-0.5822410003198546,0.20491187365883604,-2.021134643859396,-0.9462899125041039,0.4459113791730042,1.209970689236209,0.28713875799508626,1.0342913700110445,2.6641964532668947,-3.252650367971519,0.16897743775742863,2.500933644478873,0.7797302115040139,-0.22021906765701013,0.48101273235959696,-1.2892849617570659,-0.3516178664252245,-1.5160605474653948,-0.27573479328751194,3.923636291,3.335622968,3.62962963
347922.23145223485,-32285.95898476439,-16536.08615006542,-3524.2664239158303,796.0985257862231,4945.407346562368,-2571.0582169445647,525.2452499615058,117.82768741570979,73.28616807352157,6.6714068318613275,5.796977442155808,-3.132657267351991,1.8873831056605215,8.871732181473345,-0.04093978987229054,-1.2227539218462153,5.073751733302902,-0.19236310586251676,2.7103567295302686,-2.680531765355924,0.0495991761790475,0.6440134616868798,1.275452305200228,-0.4596960232709155,-0.32227279126202807,2.796972293057084,-1.2221369376075257,3.269358764790386,-0.3298868768839083,1.8628759423309993,-0.19757829177290587,4.053488591495863,-0.5252337353462133,1.1139648459803064,-2.8628323972814007,-1.6149343958461846,-0.9412996185715361,0.13848551803539214,0.7107847255971926,-0.9532892788045666,-0.5182307632726337,-0.7814038746617772,-1.204042678380629,-1.3401243478349436,0.09388495017879049,1.1142828206197442,-1.9719351215663112,-0.7072181723344704,-0.29869874334032837,0.7690904904233846,0.6779017409258391,-0.533717937286243,0.6338155725648259,-0.6308050569217312,-0.3930624081953662,-1.2105776087193139,0.22557127626947196,-0.3090541417529109,0.6166544322003492,-0.4444547032364758,0.29217510483323805,0.09254105062341826,4.785550297,4.325560814,4.555555556
-209627.37297721847,-10505.760635605482,18585.64541700593,5628.075747261104,803.2589349862524,490.05825688507605,16475.683550323178,690.6710429020399,-263.92823673249956,-6.156374868625141,3.2241911179468734,20.980100770095927,-5.622994514991112,-1.0761140516065808,6.431972752741159,-0.03896181917648289,-4.444336259678156,2.0718406063439785,0.5348501520355717,-1.4943835598488715,-1.0932308706166993,-2.7400970537039706,2.0661178091398877,-2.677482522398455,-5.031021765994956,-0.8664876409552003,-0.6819320997468317,-0.7675540641598518,-1.4672817574116457,0.6447414730421571,2.3891213045363324,0.664293978173763,-2.701717596045933,-0.8936662577972819,-0.2895809368634051,-0.23606272920227012,1.5076938135094684,0.2063441722496603,1.595112366082197,2.4201735436378096,2.223030637955609,-1.5410942051785617,-0.2548464676386378,0.9796728662317296,-0.35312797038543425,-0.6134524219607476,-1.0009469447978272,0.5618913414363407,-0.6193554947238945,1.086483634067106,-0.28196310928033846,0.4237475376476103,-0.07673072789073494,-0.22999448408740172,2.01730112699476,-0.613842268035301,-0.7837286333133134,-1.1731831547074332,1.2865822983610824,-0.19588459248199147,-0.629243635307308,0.4769671721964481,-1.1594446848482267,3.060916712,2.639083288,2.85
-210408.38766419832,-10589.186562057414,18558.332244465535,5624.459426951331,794.6837346564323,467.6568017550018,16380.694206653387,696.2443749337282,31.58532645127691,-34.355697275757194,7.171494168329656,6.251107083011798,-1.8470552200453403,-6.672238605909608,11.544954273532039,-5.674646202437318,3.156197640601689,-1.6127467960314021,0.5242787309151549,0.4926916184640002,-5.711287457149881,-8.348021889983043,7.618375388002081,-5.383155270045145,-1.6364878884298688,1.6419801692746634,-3.788946470108239,-1.0501411898247388,3.558518422134264,-0.3341032677736605,3.7298716174759705,3.616679398439913,0.325714793501826,-7.928714647158003,1.8073789793703277,4.80484906630802,-1.9471466327772884,4.907990416175574,3.7407267262437562,-6.120324102255105,2.3135945727184657,2.2474033332961185,3.0597676884365135,2.374866530860594,-3.249474500386827,2.089464063805047,-0.2709356192250421,1.1838073999674594,-2.4785216803483876,3.923949329373227,-0.707117047796489,-5.321718604381996,-0.8266822325201142,1.7675838944555988,-2.1665330107501637,-0.1943245413163823,-3.658196368582635,-4.72044592719807,3.1766052084258143,-0.9035645928382509,-1.2437684065519796,-1.6918898096427732,0.8038006784149389,3.051922047,2.603250367,2.827586207
-131948.61699090264,36620.90727116647,3822.089588954174,6616.6755206246535,-474.7058591809482,-22873.594363134063,-3411.7616590038606,-632.2004239997568,470.3662179990388,159.02514117790125,-39.98465226857952,43.217413045577715,-9.556869236488287,-43.247097201408415,-17.187259821836697,-27.50828891026942,2.6763409337154545,-4.198525316755231,-7.7267275485406115,24.02520788902282,31.59669711744057,32.861165622885785,6.121079608494363,-11.742028730928643,-39.38848199652462,-16.614659329326138,5.518975134020688,-2.8801604171085766,-18.806635704836925,-30.348204850890944,40.644922195201836,-14.325559717735016,12.02370977493568,28.77756454019593,8.220096901514326,-15.01611483555064,-4.351751312005312,6.391503909698899,-2.8170229373439932,-8.373141390974993,10.35982358464766,-0.8263883505082852,6.952800425563957,-0.1617943390629685,-0.09231639455039199,-8.037761329036972,2.054113746512298,7.973881443869588,-1.3708782742198389,-1.0770277490283444,-3.28892465180236,2.893253721813795,-1.026312935141036,1.3542236769884735,-0.07704862697565246,1.7697177482987558,-0.828472389087207,0.9399594432991405,-0.14061930632981762,-0.31311375463911373,-0.638425749557625,-0.053766780032211206,-0.17304255182433725,1.74043084,1.328534677,1.534482759
317597.83088975446,-3485.164519698004,6551.012843514104,-37332.04498525967,-37717.59782069889,-22447.373143636316,849.4283033957496,489.06312039304333,-129.0871831286436,57.5086571394609,-12.632660845991822,-4.91058789419294,-5.246991730137312,0.735069097299938,-3.613263425054318,8.053004076790804,-11.98654464522505,-12.943141147324807,13.25040028340729,-3.0207062428825564,-13.276842505429366,-6.955766209205294,-5.136821425653847,3.4176043320048333,9.454735218630201,4.703177843939327,-7.1389800357207545,3.5032700405004076,6.520533983374013,-6.986639825345138,1.3427884979928681,2.7719439183474495,-2.8619042976192643,10.487931868462839,-4.230100112803518,3.0875791459684185,0.9520673495526597,2.9247394729593146,-13.818633518070206,-4.509691984300518,-2.973766251276671,-1.3846207777039583,-6.343594242322704,6.6297607403693,5.582875526974227,-5.419591643805979,-0.023063222793065892,-8.080670532250386,8.500402730877303,-4.740755339282946,-2.914324121680571,2.2827640846062436,2.472702358677933,-0.25844915095028137,-0.2303860785045498,-2.5704650435684373,1.399627063587584,0.5972609134914224,-1.6792706690875827,-3.544739916393713,1.2911586793991028,2.172500515389347,-1.8054431246895457,2.746840825,2.218676416,2.482758621
292511.2337699373,96535.42824215528,24718.941829645104,-3529.760690759017,74.62619586262619,16752.657640065943,-11140.146262756827,608.2121212751957,-170.67625318714764,-60.78776609547579,-1.6378458608685862,30.795581525497475,-17.777873639068986,3.2179298884731176,-12.360464931831668,-15.383946647874948,-1.2204957221106687,29.26285155874326,-16.51915449942098,11.061783598985441,-7.348133937469297,-43.041887563414754,0.03330767035292425,-4.7945913563889055,-43.46254582360171,5.2759475541046505,-6.0943627707547,-8.877332805022425,30.650477757446318,-28.962553493397152,-17.899786932315443,2.603610077300194,-3.0314507039592207,23.349141961263626,17.358295770884585,9.019991934085331,12.875195389362514,-15.691729193395682,0.12245243302669455,-3.249924479737393,-7.277029887190254,13.16288605745774,8.873531422959866,7.587168434760297,-6.856964399532319,-1.0386921885015543,2.353766358342601,-5.00446877550208,1.8761960334261831,-1.7888536800373969,0.21847101785136777,-5.766568786223663,-1.455159562450278,-0.06178191035996954,2.7999168321290298,0.21293455715163803,-0.6055628628933515,-1.4103241122396926,-0.9606608633908184,-0.07653775331975568,0.998127468554475,-0.30174683423976795,-1.0259019644284533,1.471686809,0.994979857,1.233333333
-88873.0527672783,-30960.805138691212,27498.598653675497,-18527.619896110704,-26734.772618702267,-18422.181059832124,-3548.784821623565,318.55676531712584,-182.13860312072114,-54.36017950993469,7.344465339909342,-22.210764803022595,-6.745630883382242,12.540413666338567,-16.826413350908762,7.878172892982955,-0.05568523737034185,2.908917544678931,-1.0934492221351046,0.6522258722166115,5.609839887034513,7.593624453860734,-2.5612491172324314,14.73483249298457,-5.65685792760222,-5.317479574094409,2.9689333031587117,2.640347558357168,-2.0633990220651546,0.08724231989620794,3.7533176493250764,-2.808391472540513,-3.2469281596336588,-0.8614933548303967,-7.9858491616111,7.477839838195322,2.416545454408091,4.360776024452014,-2.2273380883008955,-1.2482769728981074,4.11901196382959,-0.15251038813455217,-5.04254410028874,-3.6750731612834575,5.027930736946845,-0.1479389231083301,2.5961992765281616,1.704254259236592,2.2316803762824313,-1.6548993909671805,-1.0076568868441829,2.089360464197011,1.4768932196027602,3.030068987680962,2.021159286129567,0.5666121610152801,-2.0590463914665538,1.5715146877942223,1.914235303016917,-0.9294147602627548,-1.2897944838645699,0.3292001315282504,1.9760379026890225,2.535804889,2.019750667,2.277777778
-181960.25102534876,-4327.7074058726585,29675.37096695829,-17322.89758345562,-15928.722161634976,14362.21818742752,7875.086381472122,666.2145851141247,526.3631776567069,-150.00112831301186,-23.52656208866336,-7.473849431890094,95.06169608258686,-42.246501400012235,-64.35989354011987,-0.13742528989970337,-27.636020898998577,48.466216957692595,-57.06786518354641,-38.98832659211959,42.583006360488035,7.802437961329319,16.77411962035355,12.61435142119718,20.81463095713875,1.6936323679079068,-3.8609312964496243,-28.674176356331436,11.02716842655511,9.747066064375579,5.045254595847394,-2.991798262605242,14.153886024001588,-8.319291114412497,10.16224034954858,-10.793012250444999,3.7264780836654787,-7.691425424228629,-5.54235849529023,-9.926882111638623,-1.84110007056862,-6.305915957639981,10.620103116020795,-6.9465797179086755,10.657662827276878,-0.9589947358977421,2.7610963919541,-7.612061169527427,1.6424462900136902,1.3920434289802188,2.7763970427334312,1.011232176583459,1.4849154668437503,-0.29505840704770153,-0.9861031145216204,-0.12481815887478298,1.0410303285628786,-0.8409972760713479,-0.1859921524944592,0.5145896779165448,-0.08068290624463814,0.7439353860342468,-0.3392334092582762,1.91045444,1.503338664,1.706896552
-226955.4181620552,13200.058313847892,27993.982409483062,15770.414877283485,10973.793713671397,11614.647494110355,13680.870493587547,748.716946413455,542.8368188536741,113.30128375548512,-31.774987553337343,-46.412162492619416,-25.79948895264635,-0.603102127858796,-32.588826904098596,-7.442248622353984,-13.317253865146757,-16.367464905692785,32.39338651375691,-10.571161375813828,-3.843397546164549,9.090434538373248,-17.326754527503226,-15.867470102186575,19.808167857442278,-3.423457069400333,5.917756987964523,10.035750164682392,20.21600413536165,5.7050937439469385,12.20215715070427,-1.316257794435124,2.209279416399718,-1.828627083710803,20.25475717774393,-2.8329259236872737,-9.957711333739445,6.275677288280125,3.5884671231694014,-7.4012175961825655,0.4776432648111872,-7.514198497448153,0.9259792526120209,10.489091968691692,-8.664840891073462,5.966176210234595,-7.617575083038416,-2.6843912992064225,-3.2070042985197973,1.2937203793250247,2.6191892887777364,-5.393847164041803,8.028165208777045,3.7074751426940384,1.3256202569543312,0.053134550161117775,1.154687997603763,0.49004703117971316,-3.831805617727347,0.6771048649064888,-4.443026542164934,-0.8080055755788752,-3.019852763968864,1.945329132,1.488004202,1.716666667
-156881.11424114957,-27348.84334294111,15694.266962925374,5070.044630971289,129.14398535983824,-75.65964162096871,6747.042246044463,-461.20325726760086,-64.9451693206779,-9.416523349762588,14.450566930438407,7.505541637171281,-5.7521806887633335,-3.0383921382399577,1.0069667119163113,-12.625854146603716,-1.3805470228393388,3.821239341680393,0.5993891701668551,-1.1939236972554474,4.697519842120348,-6.870413720661273,3.743447093958714,-0.6988278985853057,7.494293176360234,-2.1068896570564593,-3.250168440662934,-1.040570494060773,-1.8177254495492123,1.0468682459828271,-3.1351148291466115,-1.1925724432039209,-0.33370933534626135,-1.393564448458475,-0.12903090822833094,-1.5352179676459756,0.4019022839416555,0.9446904592944994,-0.5370642685230315,-0.0854135338673535,-0.7685819637350074,2.105703286728365,-0.06656542400403144,6.1839099648977776,0.4747002791980859,0.7607583197604625,1.3523236385321284,1.7313873048785249,-1.5085457561844227,-0.13947849436800036,-0.3625683670624913,2.025838391743536,5.941069487924606,1.6686345602548456,-0.003906485130919223,1.8747708512239687,2.5992378234746654,0.26641314396719656,-2.7616426702023844,-3.4794825410785166,3.776735143394915,0.24718161441355094,-1.8491784059703262,3.432505962,2.867494038,3.15
51809.71371273875,-9921.899265425916,-35785.163221922376,-7061.455555444088,687.2164349693575,-2388.2254225581514,-12668.329366012746,274.9564062879673,-20.814828111427904,-35.92463609894508,-14.69237185747528,1.2317874531604993,13.320668194089402,6.321199326137789,3.18574377534229,7.218843582089563,1.8191013420027389,1.127466853872393,-1.3977069158605646,3.849042305840438,-0.7257650334771295,4.656813781027534,-1.9173059944852358,-1.1916859748753976,-1.9510894713752962,-2.6483690088995715,0.28163000362244345,-1.1817040129473733,2.292575548055738,-1.9099505474647593,1.1614640777508938,-2.195651237546812,2.176166153370286,-1.760565871450234,1.4919134080904923,0.16996340552718214,0.3074495186518135,3.282019710683888,0.09636780075480142,-0.8619386921397569,-0.019420809089679705,-1.743629114719855,-0.6264445065702968,-1.705156224283558,-1.805468547636646,-0.06884717177922929,2.077283382471093,0.669950367938679,-0.11831239731171485,1.9857034038464256,-0.7436850361629348,-0.8284886284141869,-0.24899688416918658,0.42934335612010377,1.1408824681212277,-0.9441090869497365,-0.5738701696200367,-1.1422480566810023,-0.6156480962069084,-0.038371290077987105,-0.08633640790943906,-0.2540876594624069,-0.9845043748059872,4.672867535,4.18920143,4.431034483
-42560.937268668175,-17115.224246642065,9567.332444191377,-1471.200548772525,36337.38242754144,-14297.313313972421,-11842.383212629784,246.01546255339508,-131.62018838316385,-41.15683597626658,-59.86589579119833,7.933219685065823,-6.131089843125533,6.914932293840565,-18.874504887824507,11.83375278191013,-3.876590287950815,-2.398230278810175,2.961804605616261,0.677939010623892,11.343411140647017,4.511126775317893,-6.175549045691414,-5.9891577045480515,-5.032292479621973,-5.659094458424566,1.67446896338429,4.166841974729028,1.1511750342070983,-1.355723307197336,3.4360700004714704,4.987117219819175,-3.8958738831949304,1.0481890798377351,-0.49007275743173123,2.769474333263514,2.4411518090955378,-3.4569503744159222,-2.557997743690515,-1.7834702583139763,1.6512205541008904,-4.312862772744527,-3.4941645266992385,-0.6312441601752599,0.32599794546845273,-4.978419182527613,2.0916613908083415,3.551472917884531,-1.120708727544329,1.380529849721054,5.838184937679709,-2.8715351018418325,-2.6296860953128953,-3.6714023147339243,1.231845401811786,-3.924026028375191,2.3944066763783383,4.612644526949704,2.6311215887909247,-0.7753772851672689,-0.9141168836586457,0.6052115292129773,-1.2850971752469433,2.55951845,1.976195836,2.267857143
99683.4376010912,-42300.4237268211,14245.533031397641,60981.89587161516,-21091.36779595786,2400.0642295577472,-19193.186418991256,181.43319893848422,86.29455626979659,102.26950366158304,51.310039701775054,114.28897737844872,50.37330775632285,-62.58948245624814,-42.74308541007475,85.96701984356106,64.59479332524697,-66.17292687593515,-27.12330312391221,-53.96873081718341,-15.770121185536171,-11.715376778369265,-17.375000087931745,17.89864194156873,-8.617722034414902,15.796846325836395,-29.644203605174464,10.061294560703965,1.4249563124495004,2.479855659097577,0.471747634419031,1.6786645872799784,-14.721059267005437,4.191429555965863,5.012141034452942,-1.822764708474036,2.834453451812049,6.897101488620909,2.1932442310831464,0.06608681484576864,1.4878232439806582,-1.5089383032859136,2.921119131448652,0.3889149731170038,-2.05345561985701,2.6704405816766923,1.395704392122004,3.02087035598039,1.4447955022493384,-2.0991688345163504,1.6050816473166596,-0.9968035558171136,1.0793002521126815,0.1784681567595997,0.4526075010775654,0.4709653825299574,-0.6732325540987194,0.7705227288831333,-0.44418824572699644,-0.2892190078695626,0.1870790908629468,0.08951824486676366,0.5840473342325677,2.241733096,1.758266904,2.0
389387.71817667887,-36882.769699181525,2743.703403529563,617.6026820572341,1137.4002894430223,8230.064661039203,9411.703603527203,-260.16611749855485,129.57780061539918,50.3878782724282,-11.283432210377761,1.7831590855158592,-8.229960988144501,-2.8307865997490604,4.612609007286291,-4.315444433792193,0.6213586472703501,2.822871164579271,4.633077308117206,-3.077059741500461,2.4315340981486115,-1.2655972580187644,-3.5550015479104307,4.4817778829260835,0.5284627079340015,-1.8563788681158797,0.6507086712086142,-1.6703589985344383,4.057752110014714,2.288427154415125,0.8488744017243506,2.185439262144552,0.5257163133328296,1.7706436591340402,-1.1974901899018862,-0.8060978834579244,-0.15878822593748185,-3.246141994240975,-0.2777650965695444,-1.733699514096369,0.6809855280394714,1.0929659700086232,-0.06441021609628692,-0.4604289505682651,-0.7562542112322378,-1.0269576500553985,-0.3678766061342567,-1.690856809098093,-0.4812290581721102,-0.690317914346405,0.07993347213287792,1.0440287451593415,0.3786748894291442,-1.0815207153284203,-0.9323648448054691,0.32757428572298014,-0.27818917006270033,0.8305146679610306,0.283337603406819,0.04452904654387197,-0.6435597654100469,-1.378566855802855,0.8410255775525095,4.766305092,4.305123479,4.535714286
-13707.4970433806,58250.55172447375,20111.226174822707,-697.5644623934511,-443.36535287904246,8291.012199421597,-10305.11179628352,-537.8525022173245,54.36201876274468,149.38401359018184,-3.4646592305280026,-20.044242491648294,-40.72775998387284,34.0307472321658,-42.101040287566974,-0.43900728786560056,15.440279725436302,29.78866295019028,-27.23828469180824,16.464678550884326,-17.766440925530503,-30.114713073072757,-23.629579544549873,-3.9788634650539456,12.85612488299948,53.73736629914221,22.45759612150615,-8.389546613104994,24.933088016731883,3.3020203333812272,44.84407719615233,-1.980421651366762,-15.007407535686372,-13.833353824386842,-16.0318753382405,10.153060895422126,9.166569159172823,2.1310994137347055,-2.4863223040142572,7.233407819992345,11.674688352942434,2.930047782494933,-1.1101033049315776,-5.733219348857122,2.3188093282822564,-2.9986521689342727,6.740447710394417,1.0496051412447105,-0.039441298476467684,2.73412143208404,2.2355849738173914,-0.8146246305645706,1.2371511253486336,0.3614852280676592,-2.638087426241705,2.6756141516470486,-1.2642576347866623,-0.7055116475716545,-1.5131655466233442,-0.27388767080665205,0.7901282672618651,0.6080288060439344,-0.20716641345346629,1.467294188,1.153395467,1.310344828
-78041.96969912779,8500.943727850516,-33760.376838680146,-6354.4320480041,1257.3884957060163,-3695.594322229976,-4991.557092448908,-624.474419429788,-16.428704124510062,5.118838277751992,20.28579099470474,-8.672722239681478,8.689323901278767,-9.84680291185035,11.432395055264022,-5.71440073589386,9.81408539399799,-1.5003681114418679,-2.679119198053708,4.919734903545438,-3.831491337390921,-9.212672970770173,4.936488849322849,-4.066871527725937,6.977794794966915,4.806780399698336,-0.8179755761685502,0.8218821584806076,-1.2726698199936384,-4.087315162477193,-3.2027825404766666,-2.7437545678769992,2.882703314676303,-1.7498069198782764,2.3498004160629433,1.3697517173750602,-2.122337861595214,2.784027636015835,-0.621462352291222,-3.0636466381829663,-0.2806490232009801,0.866308474442546,1.8917832394040268,-2.1779594176908392,0.4821863526482618,1.7032923099540003,-0.5550208812325848,-0.14977381110084056,-0.05189726526039742,-1.251015123949776,0.3276497347492864,-0.33672765184633857,-1.0978510452364616,4.046554754753688,-0.395187249200719,-0.48315974116826643,-1.4387314027746476,-1.5016553719330281,-0.7353023461937436,0.4598971694684135,0.9721198472417338,1.7433095337872229,-0.03193660390921608,3.991799552,3.401057591,3.696428571
-163371.80213962466,21798.278434606258,-32194.503462540375,-5952.868097631023,1586.6057813299817,-4125.138040600311,871.0962610537674,451.0334297430379,-224.60216985844198,16.980331654659917,22.735868116477274,7.320282865195778,9.838497446707274,-8.30283821296539,15.385084397224674,3.628361123948133,3.513620564264889,0.8087701778978641,-5.154072102825622,3.7225953450734814,-5.901400188586169,-5.200579844544312,4.423669490890527,-4.002351071342778,0.59632462036229,5.131484973918467,1.3666769846881668,0.0483210785248756,-1.7260727421845277,-2.969260351167552,-0.26479909663071477,-2.998086307290773,2.776644001750483,-1.8584225498012885,1.8750474542407967,-1.0673205996330184,-0.5716238202765449,3.9736255602520836,0.9274285970302683,0.19413427401270783,0.13617363407669655,-2.333369207223027,-0.102414481907259,-1.459040506498604,-1.105190561249983,-0.003689262525146676,-0.9745137016739687,0.1843966765591439,1.2893921850093726,1.7316139759169666,-0.7151923600321822,1.2813435709266618,1.06099324347539,-2.3316132884721124,-0.030804291533595096,1.2794525207137166,0.015936687136105236,-0.49825526755062544,-0.04012823720193159,-1.1036932358194358,0.02824565040864809,0.19574750535717317,-0.22188311304570202,3.421011653,2.986395754,3.203703704
55361.81448633424,-18609.865335226867,-18114.74105412218,-3116.6409263816645,627.5918344014683,-269.33228895958155,-5210.636978189116,-599.9470632967045,-29.369528829877417,-47.76297469349001,-17.360966586908077,-4.262266838558944,6.536593368940149,4.3086044738410525,-0.7209344564163136,0.5022392848910524,3.188667193583546,-1.47681327571143,2.742907270208972,0.9793656210910319,4.135652763196137,2.616371182870918,-4.177018723581143,2.340345780576323,1.2120558723222319,-2.118236335661452,-0.4708124406757489,-0.6941015979322643,0.9834035036753103,1.1322246308264337,-1.5428848583139954,-0.690082527258585,-0.5131382242885584,0.44519836594782614,0.15334014329646856,1.6254630880070078,0.6197281631629187,0.10138459897432724,-1.0824362866861648,-2.4243904097995017,-0.6653542624636827,1.0575422101439378,0.11269034734539268,-0.39907300726711936,-0.9886235448596151,0.014812380151216737,1.472759862831185,-0.528852356143334,-0.8147921858049919,-0.08190139661432819,-0.45595847837651005,-1.1534606093900135,-0.7627302479855768,2.3163361248341445,0.3115574155211996,-0.2205293402758623,-0.0003487665674520543,0.7824703128054371,-1.404475288744899,-0.2891123768100332,-0.27091420959111795,0.04281818871124714,-0.06546807988589816,4.442228583,3.928141788,4.185185185
114604.64662449258,58966.83185320678,52643.44926337233,3496.8320399752415,-2004.5538497801135,15343.315015131871,-18164.491412938896,424.23679734434415,-269.1808981501595,-24.508511647573144,-10.130986180024587,-36.61945106113305,-15.810474563668079,-34.21179679739637,14.79580349394688,-35.90889914549466,70.01539222577323,-28.921959107543987,16.386262027751492,-22.12587422981667,-35.154916313028174,-17.249067645626052,-8.004753640122896,0.867968033041567,19.9845581482142,-31.044588719160966,43.81592802211571,-34.31133909972301,-12.367084154889792,-0.4848692936053445,-8.355203935438023,-28.17237737109054,11.746669609900835,-7.613618901425684,-1.0983686518646183,-11.948653707557755,-1.9646648126902702,0.007311250123275307,11.70861487953139,1.1829349320322358,1.5499176948952011,-2.731152889513718,0.4479052875449926,1.365313503731518,5.988783844589783,2.2751415743183356,3.729810598658291,2.2263363163339673,8.690800105687863,-0.635678575171444,2.1479540018270344,-2.507287045447596,-5.519198724537311,1.3737354371672421,-1.1111477792943476,-0.06581490879976264,1.6828484949383946,0.4726450459972273,-0.05008131102549595,-0.9226258041786034,-1.1331087669198785,-0.9151120229977536,-0.5607915833151859,1.294254321,1.050573265,1.172413793
-213707.64668739543,-2212.9749811134834,25044.849854822154,-3553.0286881064876,-9634.63454250089,-6831.152886313817,17898.340631330768,-303.19466752362143,-99.33587148500915,-6.245377766085468,-15.154132795115999,-8.535534701904599,-6.667799492629792,-6.899456872645294,-5.047166050665892,10.44611353653143,18.010490446258558,20.334458585067946,-13.137612001270762,-5.10792524359785,21.974321084471285,8.753907039204124,12.061353608142399,21.987240687118437,-11.696236957153095,-19.385200250309712,-4.75662349401119,-7.062851644977006,-16.148496012546836,6.536557092197315,8.092867972386244,-4.067074073251901,2.7181055126700264,-9.079048805113056,-10.048125744067532,12.565418920307074,0.8197716161565468,-0.3442841315146931,6.702851921353328,2.4847434131496864,3.0768122014766712,6.31336558535601,-3.9350076684456456,1.2545980826113055,-6.220879868109511,2.6510806446100217,1.8864594492315747,-1.1516553131947391,-0.029832882746834904,-7.706296931731473,1.632451089491182,-2.5362546309193092,0.317463266888409,-0.8518082916893924,2.2513228564586143,3.0314982023902473,-1.9800885156966683,-0.6221203006614145,-2.387891237868205,1.144320277948483,-0.9846693019918095,-2.0712594657026377,-3.824847405215589,2.576073139,2.123926861,2.35
650895.8927554617,9791.13917385722,-21798.10038505516,-6011.289906150198,4101.7122846674265,12190.475770454976,26349.654996956127,117.9494348056586,134.2340977140954,7.278243159589947,27.485833903374093,-24.157694098256588,10.229552322619481,-16.65309445737463,12.681795368678005,4.563910793800101,4.153198996132327,-4.572745397890518,3.0627876249683252,-0.6490315955686198,3.7286036542847336,5.615165005228464,-8.345624731384428,5.4250339577264235,-1.7129633231202874,2.3993781650584665,-0.6832479840344476,-4.392605597734969,-0.2262169463839528,3.6484098453442675,0.4666276850515111,0.8040158849990913,0.8742256733977631,1.1514036930521263,-2.364917482733552,1.6481127870587697,4.725106127649579,2.208389542053332,0.9110935770976877,-2.5956687475512705,4.1131660882595265,-1.5991386267614183,-0.05027551926950365,-1.5466135036477802,-1.7410183513905457,-2.4353819753610284,-1.1914803243676957,2.363797799852478,1.6876302743273324,1.154928630040734,-1.0056451661482382,0.4489256892470558,2.0329130321908915,-3.027388389160686,0.02834995494151513,1.5585669068908257,-0.2417303251173044,-0.21418528239030193,-0.9804742789240981,-0.33460041712676636,0.6375614569264957,-1.8779500202589101,1.7430018326044465,4.804087,4.368326794,4.586206897
-190899.24390901672,610.2798563106379,1825.2229904365513,1789.7435154975813,1099.5449269985438,-938.6065054823798,11692.763481913975,-374.4202959387573,-13.66597693079272,-20.57704955830638,-3.548500288606173,5.221298931079952,-2.2508078976287766,-8.796475375818282,10.588666555449734,-9.526729680500926,10.432983982853003,-4.432458139025764,6.258056170178196,-4.426202415209965,-1.1904628975905092,-14.891151106636094,3.2337202591395737,-2.862011908258101,-1.9922863638151127,2.3918547395969485,-1.6892075533556488,-0.08909561459602812,-0.6726209386704066,-4.593137182878385,-2.957052034191048,-0.6480147429326891,-1.2260182707901681,-4.615032837261966,2.199769568924172,2.3313960448762576,1.2718231239681266,-1.8501184376873405,1.645325429482802,0.7790576660462698,-0.7113385188583505,2.771165147740009,3.3535180660898614,-2.745827117165834,-2.142225263850494,0.9669284901388546,0.29892452844786405,-4.391624732300444,-2.7887229885548126,1.9130169207666257,1.4786417094727087,5.901472443396473,0.47360597210791366,0.5396295982653433,-7.714249169954068,-3.8228348213441525,-3.424387001110508,2.208898840087344,-3.066469783088615,2.7403859183939154,0.6803135741222331,-1.306726883761704,0.7507189090006363,3.257015236,2.742984764,3.0
99947.85623601121,13076.836433398914,63898.76644908671,-50461.5509286674,16799.14782965933,15900.855407634843,-11692.128188458613,-489.3601923962571,189.80979370734025,24.109798646954516,1.809920944701982,50.73638548202392,173.87783563952806,-30.085176587208867,21.493693409859645,-40.10918761568471,-20.06644167007043,31.89964290602236,-8.081828243326528,-13.202192709530381,-19.011270190686027,-7.4193251697452425,-23.678371839495494,-28.595242232849092,-13.628575856335155,-8.913556258462604,26.735118074072485,17.913239690550636,-18.334486819292373,-0.5228957484276116,10.39118947024684,17.091297072032095,-21.380580844774954,-2.0217260946216378,5.009572383450398,5.504986897227347,-4.5368125595165605,4.564695928234515,4.254682256823277,6.037381697503139,-2.2471905924948237,-0.7853523253015157,-12.94852230028388,3.985400880396879,-4.307451735345318,1.1944539762187552,-3.362455006258692,0.29265071669084114,0.7017727419033855,-0.6106397384822515,-1.3187798849431047,-0.3818758955546542,-0.2370599671237656,0.8041391635629603,-0.4721400858883606,0.27823218982936704,-0.7972209369827289,0.4617968180581018,0.05399077185259268,-0.11177203785824984,0.12049430882982536,-0.1451595457468861,0.5955718344069212,1.284138137,1.015861863,1.15
-112286.88048184245,-10143.051270091468,28099.82568646006,40923.78622585466,22708.151623864494,-13738.455208474845,-13930.237848379697,223.1353245042365,703.6857017222112,-142.79002185996674,-67.54557592806954,-69.34944826414502,-33.05879130842359,-48.62354367492378,93.8288062663181,41.75302699664623,-77.3860944789283,-8.747820892936527,-44.987038635959784,7.195585108866686,-20.488369956192912,-12.335031757019681,-12.38307933999846,38.65951887288631,0.43928592964672214,14.54457201546239,27.851626266145384,-16.946887605202228,-11.900026147442336,13.417841441335444,-1.2199473745372271,4.182850722870161,-11.141661932090297,16.104237003005192,9.42505948426818,9.165390736386207,-8.71603216181168,13.280092922984222,-6.196305333549643,5.743495014562681,3.226140867733629,1.9449365922668798,6.788989817901989,-0.06251469765270694,-3.457718244847395,0.6457643092430518,-0.5087088360869473,-1.6074112483302678,-0.1987365087339829,-3.2641706555975882,-1.2443588817423419,2.3069904586321743,-0.6087599924844288,-0.10534712143706124,-0.10459419067005865,-0.08143868574494526,0.4851191319399717,0.018199201654145014,0.25342784850138644,-0.3638036756679157,-0.18102041461727336,0.3284603023762089,-0.5248387857552869,1.786571514,1.313428486,1.55
-5312.977245128211,36831.28296211334,65310.31231060727,6853.463406549948,-3371.6306180582483,13688.685519196413,-25364.605778043173,257.54728074937793,-351.0104655504033,17.594108947259922,-19.142944122943142,-46.73439266486531,65.97182157521794,62.92335669829956,111.09226378666125,-21.620219232972072,15.100757668785747,-23.846587829596853,39.31777807143742,-29.582373834315813,40.57578773318238,18.235233316382278,30.25764127854027,24.732597279912827,-6.896480432660429,42.509289336123146,-19.20310580726157,11.642992396707966,14.20718128267842,18.296612822432913,17.304530590372885,-18.88810179349068,4.972202937227362,1.945129081124291,0.5862610760268457,-12.548731954593597,6.520529250831953,-5.902210256579934,-2.7548129801481314,-6.2819371761969975,0.5167481846963083,6.323569767942675,-0.017490834863320776,0.8416282990925826,-2.3643945169136726,-2.7736999319948334,-3.6809700106104044,2.3381864263581558,0.9416856084428632,-2.151832170135481,0.3897661355952689,-0.2671428518567226,0.6985944490714083,0.09509560385172436,0.0024701706495094265,-0.08794125726626435,0.1426208106767142,-0.2874614285530825,0.14317517425319443,1.1477036414479476,0.6319438825165355,0.25514782131420227,-0.1953549175817202,1.442300703,1.057699297,1.25
-48589.14047019041,-48122.91316287426,12805.278004868334,4261.9731455244455,-668.799203079516,578.9998940271405,-3466.478848527387,-610.4194372244127,-43.993353443965134,-46.76478027879119,-13.365235243318322,4.85262791207938,-7.184717712542867,9.390005753880274,-7.83811974448937,-6.674207515362257,-2.117909710823407,0.5824088431263497,3.470559855617107,1.2816085141948028,5.891994347295298,0.691463622335931,-2.7472079657709703,3.128369684461772,1.2276213103606317,-5.863688582549272,-1.4659537247684389,0.5063911192569325,0.30941488790569865,1.169025540828063,-1.8318472179581449,0.2149892266145205,-2.8307879311646387,1.7909519916408787,-0.5502475038544856,0.4937952589616913,0.12126261973543648,-1.4554991856574881,-0.6221016958483461,-0.32412951036338167,0.26282554843855727,1.2035050937363634,-0.3027874640972313,-0.030338436638959923,1.3114570168355513,0.3290159040529804,-0.14914769544724807,1.3449264960851368,-0.05032298811568103,-1.0023439381952075,-0.08766552940729823,-1.399725931763379,0.03866457410948116,0.7040562103914219,0.1529007912147595,-0.38618454367024724,-0.8257508194936687,-1.45966919382809,-0.2766787969353459,-1.0675448587094776,0.5845001258930606,0.13794118808062347,-0.6134110870081395,3.799760206,3.165757036,3.482758621
-170157.8720019976,-15009.352833637211,24267.122355163043,3818.473246655815,23867.429968743334,-8942.57640137248,3805.3939225301283,479.75997759256643,-147.18345798973004,16.79502655266658,1.773900979412462,0.806435527582726,-12.859875026628782,1.6589039098895466,-9.037073523530978,-1.4049221954638225,-1.1440854139849703,-12.920733079831164,1.8761653773604792,11.747043023648683,23.20561765568876,-1.6977712530526183,-13.288345669883828,-7.873151252404567,7.038377508408191,-3.2631492624059173,6.561471110551056,-2.4169418744819575,4.094686094803988,7.110672403588806,-3.865762946125938,3.38724634063554,-1.7597517656279025,6.152725562632329,3.07703241957641,3.3881478127955984,-1.65545803694528,4.8483805246570455,0.5408142659365119,-6.665592237851757,9.702518594390945,-0.23535831099518087,-4.321651034191268,2.295795001235944,-0.15855807328369553,-3.649099999425642,5.172993704694191,1.71483306449852,1.3393338694555492,4.3733052543045,6.650158671175681,-4.416691886446067,1.5447641461334372,2.87121518548376,-4.128835515228763,-3.6880329836600327,2.5975402412280753,0.7855399031755687,0.8278508978105285,1.4881417564626727,6.333288547684895,-0.6029583659800677,-0.5593119188632851,2.790403103,2.276263564,2.533333333
-102559.46708534393,-3239.4872116972742,-17240.127911683252,-2545.701576044524,900.2663419016164,-2439.4977114883613,-882.9946881074187,-568.3023886753092,-115.81654096374561,11.456193428606781,-53.28410665101903,15.250999293432836,1.8531806892449523,-1.8224290270844796,7.0476533176477,1.4162836727519097,5.861716837948088,2.8745495223897675,2.121487522798484,-6.442822655323716,-2.8387477075714993,-7.183371053884809,0.17553775942724842,-0.7841331978874161,1.5501953385185727,1.5461034614341393,0.718957411344445,-0.7399191885309135,4.674083673053592,-0.32761705745240327,1.7004953025311478,2.1657068924333758,0.21274398545280024,-0.9150515484643662,-0.2693229005962994,0.30077098600491164,-0.42768056658340137,-2.375658745856162,-0.20927985360519863,-2.931642108868218,-0.5237505543521906,0.93599168351972,1.747134351497716,0.45547382998852426,-2.194755364138164,-1.2846897404650306,0.6427021890234038,-3.6804906958274346,-2.213522490066935,0.005609997544328425,0.23088612882099208,-0.03444554598954063,-1.6635399966218456,0.048292596522790214,-0.7138883283258841,-1.6617169683873083,1.203788044472675,0.06309742107882121,-0.5470893251005609,0.2794767309019534,-1.1241640033360776,-0.7740228423338673,-0.30664898959553966,3.857237033,3.384142278,3.620689655
-51096.59293513658,-48395.26188262504,12707.192109726991,4250.24513772012,-695.5568690291789,503.4697267259078,-3765.1165634505546,-611.5220657153143,149.4076334822055,-65.57867679369497,5.661759272339796,-1.437669931338856,-4.827522592264726,1.9263013790156414,-8.167762564521917,-6.536312624643229,1.982985548576648,-2.0739821915949816,4.47508294957241,7.089577371950762,4.943130544909794,-0.2770078248570612,4.20186439484013,-2.3260836894140167,2.7847514953390067,-0.7935541779213807,-2.126797830669174,3.741348678422562,-3.0852110228663174,-0.666744161246414,2.949398533077068,-3.6207944500620837,-5.139620048771162,-0.8831551349197367,0.19855944220042784,6.784804088251307,-5.264228090642806,1.4978658791474815,-1.5899586399245567,-7.3952121289666355,-4.504648796743585,1.4375432227276308,-0.6967504069751007,2.9377741032105154,1.837561921818026,2.959807529166059,1.484012502408181,4.77818232075486,-0.7429647016359325,1.3527696301736036,3.0631648445452364,-2.619328910847574,-1.454925297228285,-1.9408213388546398,0.16126879284065937,-1.9194345734331502,0.961939358550995,-3.9264854647555207,0.6803451337839153,-1.4746928678305495,0.821961638533476,3.760702166634678,-1.2199663872606883,2.501572021,1.9811866,2.24137931
-166880.5504235905,30994.275163915012,-30775.68262241431,9759.988005768895,-3638.3243674528753,-3951.880762573997,112.26104296436874,-554.1667178054745,-183.44116164326533,39.91476273594593,13.680846266969981,-22.04339603647869,11.934381577794051,-16.674210434824634,-5.217262527647578,-21.661481931372876,-14.838502485127172,6.3204800081407075,15.442718957033401,2.430853389663563,-21.284713464183888,14.174532638131215,-13.387027304019266,15.144311409741766,-7.016996235015015,3.086628057852745,-7.616941041675337,-3.3108529766091155,-3.050083471270295,-1.1333907916592816,0.40440902641014537,2.296104212686301,-6.767475583755829,-1.7243730854561115,-1.114471873356579,-3.4653912733332417,1.1745000603637235,-3.0891717676725428,-2.790299192507371,-1.5930515632686866,-4.835752322509575,-1.516306438005009,2.495542370111778,-0.9110718017672981,1.4157584678704755,4.903985185519004,2.041085072848016,3.0786577818209038,3.3570529525198975,-3.1891413628026255,1.010188495487582,-1.132818462984649,-0.506437224103706,0.8941202640797095,-2.640516684859764,-1.8255270481499226,1.4813237446830834,-1.7722956397901106,0.5298954943196744,1.5882300047876232,-0.4993188359566501,-0.7755742798912452,-1.1850030711224804,3.523768328,2.976231672,3.25
356237.2765391953,-8646.435842461933,22395.155366063253,-2283.4749004130044,55927.04339150623,-12311.98919369624,2476.9663424292225,-397.74948676036024,-6.625599375354488,-27.837099194923894,-1.713348208276133,-7.8177668032783005,5.973713814078381,16.233770546318997,-8.63008278820524,7.732638856017684,-4.010717721345411,8.519049584971432,16.887984813427444,-19.54933178457103,-15.578883926669945,7.615439827910214,25.608450448912365,10.002634999875976,-22.570777406834853,-2.250303608330138,12.005557430423917,2.4274278564963825,2.620472604309703,-14.950182227378578,-20.969338713226552,-7.817253419739967,-4.355263202907579,-0.756078638909622,-5.981952912364747,3.78507597569275,19.56958520710226,18.273858263300202,6.641458057570549,-10.772527644793703,1.2757928292021163,-2.523756737978338,2.173282163811872,4.333290105624876,1.6357959029714886,3.3413948236230526,3.6195444778136525,-2.701901870219161,-0.7241240997492544,4.576997996834735,6.910412862111531,8.705521039789124,2.546963537352034,3.210056061505359,2.2633758557386936,7.354526856481007,2.150379139228794,1.7338774684869078,-2.2170737150505384,2.0336643225592455,-0.09824068666652583,1.4530671945107478,1.0751884640625142,2.486585659,1.977700056,2.232142857
232965.87574050628,-62995.375019954474,13937.367352880068,3801.292839920892,-616.2979909428163,5462.143193898255,-2116.3755692940244,-508.7871308149702,150.85921173558935,74.66621720153321,-2.8944369052074155,10.625348314838092,-16.550771618561765,3.0002178903196426,-0.5251480404858,-13.677414074222838,-3.0437312268482426,6.80344727921888,3.839561132553238,-0.9024518981590729,0.608344510949168,-6.525253874448023,2.327486619753882,2.9028915515662765,7.980816922197678,-3.1357028059435446,-0.39842413075506217,0.12039775646978855,-0.9376358615029143,-0.3927567166452797,-0.7113687219892119,2.0533978772287,0.3842621677532829,2.8319094641622082,1.6350615466085434,0.5301904769329105,-0.3183895249328884,-4.713298111153242,-0.2205523101890708,-0.2284549893130484,1.848794041763651,0.6771182369917279,1.893019947437882,-2.9350820343259687,-0.3477240042906218,-1.1972827641108106,-5.380584510794176,-1.949352528111594,2.9152524859056017,-1.3699630051576557,1.3464663250274094,-0.42135612127566624,-0.05067490015099643,-0.3998695459606571,-1.362462961083466,-0.19322243043439039,-1.2241523222629613,-0.5428715007185542,0.41029502884785224,-0.21916809445367014,-0.9048563414471166,-1.0724134253501176,0.2828219425893592,4.400800178,3.806096374,4.103448276
-168440.55533593748,30823.2641282372,-30836.41821706161,9753.126734752177,-3655.483619829039,-4003.154267648897,-89.6864399601145,443.74161935345717,-82.6542610844206,29.7357198108576,16.53527381646924,-22.308146620307767,11.91019337170149,-14.20770710049631,-0.9182229220166128,-15.64955725596893,-13.625738746808725,6.458958726610904,12.38005195483884,5.038554362019386,-27.491451835314145,21.381791596749782,-10.846893586091033,7.655303626509054,-10.618555728158722,2.7063107304048994,-9.138573121459508,-2.625086064241228,-0.951611862300163,-3.164720586025526,3.647402251232435,4.615960395975452,-7.792277980857111,-6.338869205689413,-2.9796262755701117,-2.657858293508349,0.3559662404119216,0.6218907165275027,-0.502509877351729,-2.916062193355451,-4.707039984614502,-2.396921049069702,2.7290519410461953,-1.267134936461357,1.8625149825649152,2.487273708181863,1.4902749834882303,2.567636658657007,2.924483899804474,-1.889033756022751,0.34182087891016216,0.5426067124782197,-0.9934317892941904,0.8495389101153137,-0.2099011190998588,-0.866303163584071,0.936320903726619,-1.9708023003483925,0.9717285685628396,2.4735174242417193,2.5155037869622747,0.9419440153113614,-0.9059831562883552,3.231543121,2.732742593,2.982142857
-102390.91582858283,-3222.1749644417955,-17231.886545485493,-2544.516566664332,902.0519087972226,-2434.293194897349,-862.1220952382217,-568.4231990693213,-138.60156649996918,11.345060907812679,-13.347221984750753,7.657745941234884,2.2911075927791984,-4.514147936592154,7.752911286962308,-2.4041924474116474,4.690566284193023,1.0716358265280514,0.052229980123916935,-1.756690518050596,-0.9712202812083318,-6.493662013578756,1.252603494821396,-0.12657142012129327,2.8902302797722492,2.1864257355177976,0.6680028792296587,0.2499686687026645,1.1368708331429034,-0.7270822829396665,-1.2833362080135382,-0.5124178989213942,1.045192387974089,0.38501321213668627,1.2652994875061891,-0.37060537255727355,-1.0997208852908718,-0.9609093938202239,-0.8777240768125238,-2.1401577058987886,-0.6692068368852093,0.48771597389051946,0.8897579542814731,-0.9769541739945707,-0.5042431664514813,-0.13815057215572835,-0.884039066814006,-2.3438387806371437,-0.526534204794229,-0.11820982448216061,-0.05546074553446218,0.11936255324189506,0.46956219593817716,-0.3973811510888651,-0.8455376811363493,0.2691941374698459,0.8097129710027265,0.668451815125339,-0.14923944616610252,-0.39201795155849134,-0.3997550804711772,-0.15768069986422248,-0.40979864285982676,3.909399125,3.469911219,3.689655172
-127985.57156894442,-15127.138577142414,-656.6106217214652,1280.329422398712,532.6657443545429,-1198.8855344215035,3154.1003211168745,-506.7110239315728,57.70408613510737,-15.721650148504057,-12.306497775918212,12.354717011840323,-9.33108473691346,-2.548443908154926,8.303256731653706,-12.959351499666948,14.05569773943874,0.20293565892113444,-1.5165588564526726,-2.733764448314501,-6.50533915897808,-6.414140155132342,0.06626924065744955,-2.104634213151135,6.834990696810631,0.42570297561221065,-4.6423509112025325,2.7954950423530276,-0.3422530454310939,2.897626538111401,-7.285287369982386,3.703592419556006,-0.2672396923897619,1.9333632445363853,-2.3634759841842574,3.0317014018623163,-0.9563861131475411,2.2024925695674358,-6.581656742525696,-0.20118012717646794,-7.315179572267231,0.7375924163335688,-2.2699452531100066,-2.6589082047453796,2.8139632973918984,-6.2698826319386285,2.6150571679255394,-1.0924551198556962,0.4249915579997171,-0.911639070608898,2.99703148059177,-1.1574915436463096,2.840917742886907,0.5975025379642724,2.490959795260428,1.1689631451825766,-2.9858904796188073,6.068942333531254,2.3744559059328227,7.775209251871428,-0.7539565073779827,0.8796778164586059,-3.485723418107105,3.653463529,3.070674402,3.362068966
-141838.9461810083,-2659.54925588909,9373.372055569012,-13444.599378968389,-16246.947087981296,-13151.170178825698,4536.232884230099,472.7332716044373,-126.40015484435051,4.393714898742223,-3.3234004069817837,-1.2252766634291483,-8.157478343793148,1.0521267474441944,1.583380519255176,19.52892508721025,8.027353849887593,12.255763724635205,-7.5644271280674324,-8.584049482116288,12.232692837130086,8.599302842677522,6.693282628485161,18.563679277104317,-9.22199391108347,-18.833686716212625,-6.440826081222502,-4.185533013341854,-5.468558931136593,5.373536917934961,7.862540267502508,3.3351739743411364,7.150499884387237,-9.024680973582832,-6.474311450841571,7.678439292516155,0.05625919367358843,2.0356352166997245,1.5979824815466734,0.8376830864613083,-1.0284801031018735,9.030038664674848,-3.9707521551384244,2.7277481644771226,-7.692653877368084,2.5604366163005006,3.6641191074613135,-2.243262705746002,0.4308105241980749,-1.4699982656027142,-3.5347381707435765,-2.706582033664667,-1.0195628535874297,-2.032719503305875,-3.114237802775002,3.370049879685099,-1.720962519744451,1.3857956414132448,1.9052833182758295,-0.14454933892063349,0.3211105007338096,-2.055021846354325,0.07358823761656098,2.637035504,2.190550702,2.413793103
-161907.17682255668,21920.515098350665,-32060.32146225433,-5929.498555177313,1602.2108530741289,-4067.5121882091657,1090.9575456870364,-543.5168021585167,-200.02599864923718,16.436118130728687,-0.6175634234063045,6.239379474644198,8.187626458418578,-11.821647124955323,14.095436758517854,-1.1192978653197139,7.516268154200365,-0.3457014737563039,-2.259465502555642,-1.1127424736180873,-3.566463160923548,-9.460838140730548,2.555932162738716,-1.6411315184330684,3.862716677316365,5.026882406637361,0.38868918777005435,-0.024699028115744474,-0.7608595095733922,-2.074734591555578,-2.2607781099159103,-1.0623084729900296,2.001170987656269,-0.29761105750992073,2.346885489844287,0.3318428829989156,-1.2499306232686056,1.2026132296038852,0.4907543270025809,-2.687727913649993,0.53928386499353,-1.201207110659722,1.3729817991931912,-1.8269397077114269,-0.4275915448212082,-0.05423519463609473,-2.7116391354202616,-1.018236323309849,1.388235636995071,0.29306431334218636,0.04367637151229646,0.8623995813743954,2.2024627559993646,-3.469425388973537,-0.4448114178691443,1.5213539872061714,1.4169804741795984,-0.439251483671179,0.621459718760474,-1.0090444421983649,-0.49623030796070017,-1.3168616950089589,-0.6344172527781569,3.460340236,2.987935627,3.224137931
-156359.61151131245,-27291.713320726725,15718.158086639165,5072.757504564683,134.52922290994425,-58.97966704035569,6808.1250649650065,-456.5535438204542,70.8603791868753,-20.99965212748706,-3.446704902848098,-2.3617050542736844,-6.660884666064739,-4.926129663829049,2.5279283896462172,-11.648669171881895,6.774278613780965,-0.18937210409723615,1.9109604020521398,0.7677252125170227,-1.2696740783059954,-9.24955749088122,4.830063728372247,-6.885711466625561,3.926309074482874,-0.5500941800018535,-4.345573438536084,1.2356270458597234,1.253506459122172,-2.5187269270769534,-0.2421491852734387,-0.06569309346258545,-2.609448469783199,-4.372026670748752,-0.9611419597471348,2.3610651818973185,-0.8869000713991725,1.1386817362992634,0.39654109418765154,-3.5301386566394948,1.2669805862663248,2.2770238081900467,3.5535316374880996,0.25018052647322964,2.234271362718606,1.8058129941909895,-1.9092920956178785,0.8312282396784525,-1.742401900180363,-0.9989593004721414,-0.6215199298786857,0.031284117388225424,1.287636399536765,3.1736444751233064,1.0721179144073414,0.8538829578707994,-0.8233680968491454,-0.5406637926328635,2.693222435250665,-0.2170527928737828,2.4752870298644907,-2.052737719051891,-1.1899671797986968,3.636244181,3.018928233,3.327586207
-53392.24618411106,-18012.32084837702,11421.450224731829,-22287.368028364377,-26262.639508329175,-19340.516014075765,-6372.142721579476,313.12896301751266,947.8735154536942,-175.99399779833533,214.5161861188641,-52.98816322779779,20.746451902387623,-29.65201243302713,-12.84773355022049,-27.613075789293944,20.77367939988862,-18.618734960746092,-2.4731159725539706,70.27317910218876,1.6182748805798806,-20.158999193850953,46.19079653578682,9.762771314251891,-1.607067726349507,11.72191543135197,-12.645640344859952,6.289248431567622,5.472743915960558,2.6385968241844786,0.9434386801761677,-4.696662198792277,-8.556559841209552,6.980046351123448,4.889988766610827,1.5388635544371814,-2.884554187403089,3.2277029782724966,8.359935845538613,4.722413172715106,-0.6547592177676504,-4.1058100709294125,-2.5822113251037537,-1.513324026978506,-1.5514945104661315,-2.178118557406453,1.334855916593326,2.6024792464145823,-0.47777472552008277,0.9236250686777864,1.1953993970195478,-2.0895504651474446,0.24038418763359565,-1.1725477387914192,-1.0409394529459874,-1.7467529395312447,2.5590630360772577,2.1637502473220733,-0.5641948850417132,1.435441517152082,-1.2580964964420533,-2.5107572209441575,-0.5900813177503932,1.868626477,1.476201109,1.672413793
-178608.7109796472,11062.66345578486,-15284.68160668845,-2097.13589001942,1327.5456114845153,-2583.953693296466,6084.385032159497,531.2696258469122,-233.410259856055,9.170634731166112,9.635572454758545,14.663916262995988,5.614925551241455,-6.10748110072589,11.972012294078267,3.3466792283860776,1.2117901136539257,2.2858270671466934,-3.3751618249218023,1.0407067340970055,-3.404516727151053,-4.090369850412905,2.992833915077611,-3.6062532350843823,-2.52652873901044,3.0054887989346044,-0.12789072724674957,-0.23082029788015251,0.8183106325774878,-2.3861387674434593,1.3529229856365823,-2.3229544565202267,1.8429170186929953,0.5246233807979823,2.4282204996459935,-1.7667647251463043,0.9950086270381185,2.7962528479686033,-0.4868259427142265,0.868220687034389,-0.4110337530039178,-1.0371885672934136,0.292521412618663,-1.1376808370039198,-0.9853372523240561,-1.2038201486147326,0.47833127107761875,-0.43308988337154664,0.44388596624448456,0.3247179267078334,-1.196281911346114,1.3307318684613065,-1.2841341361782574,0.21701184651187733,0.8046253698416286,-0.6734536432650238,0.3132533962831303,-0.011941288852097068,0.4250085958433593,-0.05013684001185891,-0.09228741604011417,0.30531834704555033,-0.14522065140947785,3.430356437,3.002976896,3.216666667
-178650.871979568,11062.867833753988,-15292.766710480037,-2099.0966993446914,1327.0400452686035,-2585.5816109624666,6075.260097747334,533.9472399839804,-119.90762395149997,1.0266131455101561,-29.551542192323424,14.103338372670978,5.87335885858162,-5.903912153991494,14.218897762367313,4.626974084671334,6.140794659546596,2.7080725508971355,0.2933216513934728,-2.0789141671815714,-6.212099380859918,-4.112307378895767,3.6673512936036476,-7.615738200683179,-2.0681964764766456,1.9349890351907124,0.09464038289006864,1.170171901550624,3.150432956666672,-1.3298923516076202,3.1156701164553127,0.3074537257044334,0.46517529757609416,-5.5591343374254905,-1.252611034776981,0.6751510827839934,0.013188012313827317,2.476186107581822,1.5281750497325475,-2.9512706811963256,1.8398294771419417,1.2778662647724472,3.5088032867653998,-0.7196987549154319,-1.2767543365073817,-0.8220225362528377,0.969708512648025,-0.8310850244789316,-1.943378608336978,1.9779896229431917,-0.24754113022820723,1.1002790909687454,0.78395120353302,-2.4674161273519752,0.34070091677455056,1.0732926349877028,2.3484013336921095,0.6399553226468089,1.684222791907641,-1.0678662246120827,0.22993542950735743,-0.35357858740403925,-1.2893895817855108,3.348464581,2.85843197,3.103448276
36943.09035456146,3017.010044151181,-15034.83373770226,35594.7939008437,-12361.328100781167,-153.87096373425203,-8241.56276720976,-641.197635923259,-76.31618241298744,-39.3041737758895,-15.472178913266443,-22.178243924223327,4.590098154205958,10.837231066513244,-14.1594916090906,-8.50708525550207,-5.873681113348766,16.915138975143286,2.370025856018735,3.8933684252959253,3.3558922471018673,-7.852374229332899,-2.8114512392237985,-23.139495331689773,-25.40175764830863,2.07573371479085,-5.292686232661779,-1.6050779641840331,-15.686712032810465,40.275176885395986,-3.2467666525036485,9.589817979639545,8.812846274689733,18.7235983987089,-19.081041694121442,-6.140336031939959,8.151399674034126,12.17487437619967,-1.2800174388077723,-2.375500045211561,-8.001272986383059,-7.954369388903571,1.3895462121752384,-0.5434101721497075,2.8929796260069045,-1.3797792515389302,1.406266671194551,-3.679176207694027,4.753726292487071,7.296125675228148,-4.3418908408723365,-7.831353489587525,-0.549622086125771,1.0425554042939644,1.8326953961400652,4.030707944095148,-1.5422035216168453,-2.4189729745161848,-1.005594422993541,1.8412118579849688,0.1504370537518709,-0.0250809250156441,0.7126990652227964,2.646890722,2.056812981,2.351851852
-199001.3953729739,7083.478348273326,4253.352899395646,-3001.6457299086396,1536.1411062194688,15509.460153442365,11386.99705747211,-282.00643815196383,592.7121661488914,-111.66428576436205,-10.000387538077064,-38.067430364745086,-0.8772830167422729,1.5371016853891066,-20.049198474099114,8.547785222767951,7.21929582397126,-22.891076541361727,2.1213074041388134,-15.068828925775803,-10.593847537495707,-19.738413617441203,21.701655676660646,-22.678585131360705,13.950971033489946,9.397433394020364,-5.256170561720324,13.56484942367362,-1.1940676365709957,-2.8572748030183543,8.087763360348188,11.496449130970506,11.428671089087068,-8.945123363225974,-6.855774643219365,-6.491211418668514,-14.978331440528034,4.850055129042057,-9.564559578003752,-2.0346168012412877,-0.9431620257283219,9.394222647971365,-3.329827634116742,7.07261126211183,-3.851922571416237,-1.0766418377804856,9.408342252613425,0.17897538931422333,-5.88765946753898,-5.656877386546235,-1.3061116659974623,-0.4353143383892463,-7.020764605566894,-2.237174855268268,2.5842886086991803,4.783542714968063,4.169017128675421,-0.2070673592171446,-3.275694931346212,1.6297764746375099,-2.2385085861785754,3.2954618654540693,0.9227838847025076,1.362669765,1.137330235,1.25
-111800.11377080974,-4246.227563052409,-17617.12971499684,-2589.8765208455397,801.9620125546454,-2726.2872687401814,-1995.7596943553215,408.0176108533184,-161.89575627197925,15.662825153632873,-31.37743780422042,20.445702170839397,2.4300801738808366,2.2680465272259185,9.516185889405248,5.444574416240941,0.6112599543495395,4.398728606012085,-0.03309198829014843,-2.5599270331011112,-4.120586144959589,-2.217033638102045,2.089891992545199,-2.2615157369894603,-2.584428862842918,0.09936188710514779,1.4424673540136796,-0.39008119378955025,3.1923353579644873,-0.46428799408323784,2.349010647014795,0.043631499670721996,1.5455783017676215,-2.4095622013870304,0.9511874643254524,-0.715449164722156,-1.0131776793570133,-0.2249568029302789,0.9293445505437876,-0.3724207568130578,-0.27641950416971156,-1.2330398461670744,0.15422039073314542,0.09540683735233954,-1.3713457538283453,-0.9062157981595386,0.5945161428018677,-1.8148290820952702,-1.3999210884010298,1.7583224639864181,-0.5804656238763,0.7417494008141449,0.8252774544336267,-3.6405550502850956,0.016311187825042376,-0.008103003868609125,1.5148601573505078,0.6645342088692757,1.3451779541143036,-0.21851776039841836,-0.6174876346099999,-0.803224488235502,-0.5563219661937437,3.91045444,3.503338664,3.706896552
-163813.6276533675,21749.166463269514,-32209.156319098987,-5954.380185908394,1581.8663141067107,-4138.081483599835,819.2645207411466,450.8896051334763,-176.2964373864361,9.546024007457886,8.846636640397373,33.53076687022666,-4.964079992481251,-1.445486371607331,38.30842535086391,7.187193608508798,-14.089596213334211,-3.5552551007052697,-12.3617124664067,-12.725590309268963,-6.315541272688253,3.0278473444744876,6.113908792222249,-5.3922382199422065,0.9734383533658529,-13.007890701993253,-0.5886442181425617,-3.742768275651573,11.636995425769863,5.287515384937599,8.7269934689387,9.230286937490675,-7.3862196538172515,6.192312462970133,-9.483596582944848,4.922822324104537,4.890055273142572,-17.56057616365098,-2.3673187560061852,4.979101032338292,-9.15674535370583,-7.624978461705932,-0.8465405061855563,-12.982074725876375,0.853128679940441,-4.267743223833943,-4.161571079232846,6.833526984876746,-7.414638043768932,-3.0175930120885974,10.31756482338582,-0.953586636960146,-2.8245809255481795,6.933844681239187,3.8731093532717944,2.688251046893598,4.169457443153649,0.3572681590193673,-3.3860797836571264,-2.3585920270769605,-2.2742614306883016,-4.314193628209508,1.0894067598563808,3.551922047,3.103250367,3.327586207
-182427.4743251622,17999.632582844508,-12689.932056567754,-6868.314591549706,1810.6077569309953,13996.505640981599,6308.239272199372,-379.3909253366442,-194.80993772405353,-28.110785895115065,-4.2662247852608,-14.390402279382755,-0.2609252715797646,8.965992980852361,-22.327630470181617,21.560123651498458,-5.574956700043981,-19.973461096799266,-5.800911714046147,-14.663130921624527,-8.097195182182299,-2.051728042022338,10.426854126993131,-0.5884737182251925,8.34953726407151,4.640833358075863,8.548663388267435,12.370844223012766,-0.5610195513936382,0.2855241887034395,0.8686909485633755,2.5828360736874925,11.269425258556549,10.911828426178603,3.364376020215248,-12.838354154070236,-9.515883629756173,-2.8432373649577696,-7.871741763863707,7.026808848425154,3.0194755940203524,4.207177110483845,-6.2698712386362025,0.3154285176493182,-0.5825129303931569,-0.08961117600807786,0.0030059541072067104,-4.144857766525403,1.7384217443898473,4.308743068612646,0.555653939925118,0.5086381926082278,-3.0156488878232075,2.2036839563264907,0.8285492363672488,-1.2844736163081472,0.4913702114880065,-0.4271935628844659,2.2275395553989323,1.5038643187346652,1.0435713871057568,-1.3206366397488745,0.6091302837951901,3.014959093,2.449326621,2.732142857
10851.304938334322,-32573.86198143435,-2312.847091990501,617.0863973911645,58.21477679550676,387.23977422175045,-3437.5103084115735,-587.5409548578456,-37.54386663359247,-46.809828853132075,-56.85039718249483,8.351547933012956,-0.9042240576649129,8.367664515879033,-4.412911821518952,1.326777592512873,1.6531957999251714,1.5393029788601758,6.070140793768001,-4.729397057435189,4.692171662824375,2.7825236811618237,-5.281160228930552,2.609627846452902,-0.8969135136138898,-5.658624900594226,-0.9218594904837152,-0.9129137165786055,4.5360665106985625,2.235940532333577,0.5136333296407116,1.5977093052939617,-2.366034167987942,0.13737582268889423,-1.6919838624098993,1.7344487279749021,0.7850681328847694,-2.1623260993849276,-0.3867573708901051,-2.6096144521718942,-0.4766858340687776,1.0899126298733441,0.43701662228652893,0.7936342276799943,-1.0352482727210424,-0.16581696650636202,1.5153114846600608,-0.9187009326252581,-3.2112042842583914,0.6406439446225657,-0.23290530107772414,-1.1209159564063467,-2.463274629665253,1.8207863762652297,-0.10230841803143308,-2.1803415608450787,-0.25650989608071684,1.5444778862699293,0.1783672235844049,-0.15261629485789655,-0.8407728638409862,-0.44643462788854393,-0.2854023993782738,4.452997027,3.975574401,4.214285714
176344.484468376,-1831.1631625814914,41623.89831047294,27684.468121692655,-58461.08654787961,-21728.64033368221,-2952.3000312618624,-605.6545502708001,-345.61195448944534,-35.080505579585434,-29.121506915520193,-71.15008264475625,17.158577531717114,5.732864059563264,-20.475553527890554,9.15681669092463,-2.106036870385289,-5.919420218147807,-3.717469508495097,4.384669632521905,11.301653760984966,-10.310297226945604,12.182440280980105,-4.812198578888076,12.793961655986202,14.76077537284636,19.716930972010122,5.661753502024915,10.835152845524053,-25.746978834213028,-4.946421817374827,5.413793296695487,-5.2561522909257405,8.002529919381645,-6.410235403479936,7.920093548385674,-0.7546159141021691,-0.868898945668742,-0.05148565618451496,-13.391514551802896,0.3925022858081219,-16.357657530670206,-7.418644937314699,3.417253379876664,-2.777618018111608,3.05258415915469,-2.699156187378617,-0.3186186157621197,-1.9891513396767297,-0.40159132636133266,4.038613443072412,3.5402113823905728,-7.697933418061324,-3.4406045427424257,2.3624054538920505,0.5573708516881843,-1.4642031353076856,-0.7598147500011947,3.024992663645029,2.1292379930157934,0.6174569180803199,-2.9294087138461937,0.15235171015341725,1.965763382,1.498522332,1.732142857
-76506.38212192195,-51165.011452663006,11674.953404730377,4129.478498068236,-964.848168937259,-277.4175530645253,-6792.992139838106,322.859339817087,-67.49557350856135,-38.72505582246429,-9.027123284324029,13.320662660197172,-6.475838230020777,15.775363278257851,-6.56403730571588,-1.7152933099994627,-6.109531821109608,3.2303386464107517,1.3920128795242024,3.5666060247850235,2.85318170732023,4.134101596793083,-0.7596645959311991,0.5474226027471617,-2.593383360867758,-7.008675502996186,-0.3402782095364001,0.46735536659335747,0.565802564508358,0.3687512427558276,0.6937122828065274,-0.5264969686436347,-1.6491079919707015,-0.42491731393724813,-0.22902442726183767,-0.7758356102418007,-0.3250490385009192,-0.5665421790529441,0.394290154750275,1.5017659615385819,-0.2092895101964642,-0.36074518288641444,-1.4399980439859081,0.4407252451374815,0.9616850938711644,-0.03961944622374799,1.8101222881080103,1.6226187985708145,0.06972609571973967,0.4004772386417568,-0.20832472459693988,-0.4765466531820773,-0.20891040651110282,0.216423614665566,0.6130217652313115,0.01537023133345374,-0.05671264394127338,-1.1139805459251741,-0.1643147182813935,-1.0487230971589634,0.5154725640992559,-0.02743321627573891,-0.04969454950528113,3.849214939,3.150785061,3.5
185503.72194779868,66690.7337763529,55513.50537891801,3833.9116736573856,-1253.4162644200733,17511.58352215826,-9740.315514383605,-411.29255613590783,-248.72464944596047,-50.76560280514701,-12.577857570177429,110.28323369633551,0.2714974416500505,-66.17603085433846,-0.26431151699396427,94.24955261112153,-17.273282070617,49.965887441989416,83.95386606926465,58.690381492995584,0.48104314436873363,34.46020995256433,25.906594452315233,-17.931207992086335,36.7986547432191,15.885268173572385,-1.2239223310212874,-14.885594230771606,4.172662659827242,3.398143753860428,-3.2806622688125033,3.868834612721838,7.570991918182165,4.55165375063197,-1.9570735418401468,3.9046499831609864,-5.40371136248139,2.62867203233692,1.0551595762399328,2.3145386791039217,-1.3254424962705913,2.1716669001046247,0.7614667207907159,-3.0462562987303174,-0.3275291093684523,2.801233201141828,2.6854847066380927,0.8579770713504873,1.1839940664960553,-1.8243584976628224,0.5519356020578978,0.29203532874742594,0.3735376793727063,0.8570533586809377,-0.01651643280325949,0.3462252148953548,-0.6834800782630084,-0.007356071745776983,0.20023123459996137,0.07756249292337582,-0.023190989177651163,-0.23181103167565673,0.4452790649778304,1.26447695,1.068856384,1.166666667
-26576.707464700845,-36651.4509216058,-3828.9450625183163,439.16115583097354,-338.51753964349484,-759.5435675295579,-7892.0704117364085,323.57975123109316,-59.15125425903124,-37.16111907810829,-42.45581925514734,15.022663388905837,-1.0152230752149476,14.308533748920464,-3.147734369006459,5.038030740909964,-3.033963065310524,3.824764835466049,3.0229387599847337,-0.5973231583549343,1.6407075761520475,5.291682228471774,-2.5098314425481325,0.32478642050770035,-3.8842759788113694,-6.3962644470042695,0.42916207698404824,-0.5628787220953791,4.255862278866301,1.0286605472390096,2.519286981999972,0.18719569627650756,-0.9726217870725269,-1.9091228232927122,-1.1458198103455266,0.1451757841192636,0.05324174374073697,-0.4638352755990982,0.5546987466110246,-0.36128921288032184,-1.0997838453541073,-0.014550272212056422,-1.1090472410874055,1.2794831902678672,-1.044562265095264,-0.24767973237626562,2.589921041886771,-0.38093581045524494,-2.2230115504981227,1.3933817000820568,-0.9266035182381426,-0.23203853405011138,-1.239214060588674,-0.3441985229602073,0.3913011821525675,-1.58100170595271,0.09737139206725534,1.2239774812953867,0.1294790241795527,-0.3027211832246632,-0.12194569519143876,-0.3124255111131078,-0.0554343784258765,4.225768921,3.636300045,3.931034483
-155985.79360999214,-27251.663447120634,15728.837560404765,5074.202109515572,138.71971717694612,-48.81993661495857,6853.808260112932,-461.3674304203523,-156.2761783015533,-1.6974391359768215,19.257780386626187,8.573076546501273,-8.89003499005309,-1.8454907420407438,0.7011052956609495,-10.29331746017446,-1.0176649055376699,0.3312347711952957,0.10173524437801464,1.381876211953226,2.1767887035364972,-6.8839676640237215,2.088641258091416,0.6703744310796755,2.5999053335736177,-0.7886038016025377,-1.1115738208437578,1.0278027475458915,-2.201963059336571,-0.278342547444031,-2.416477363337163,-0.41079192524464053,-1.5062268380069594,2.142129355885073,0.6911415923390956,-1.043878445997936,-0.32768264289715315,-1.5116724107942487,-0.5487603826476299,0.07449802186297197,0.6296467540185269,0.7583010901557249,-0.23563861778341352,-0.6123366023252761,2.360977277300243,0.1276388630003459,-1.6623833752581514,0.608272427138888,1.8068538107416081,-1.0611893450323764,0.21553719198156485,0.13459627031511742,1.7078340514038375,-0.7135681409393911,0.1267673552744565,1.2765485948580033,0.2035842230323059,-1.5340935729481735,-0.40827978391718944,-1.4816042643115062,0.9276328457945705,-0.6741082773447963,0.08376252743962875,3.653463529,3.070674402,3.362068966
-155979.93954931025,-27251.677865099668,15730.910987405176,5074.57504912909,138.75146089483744,-48.355100173718675,6854.922636003872,-460.7731197345592,-133.47158156801805,-3.4777623337604107,14.27866941392795,7.903233115522522,-8.590029785495831,-2.1265991474143178,0.8924152076953294,-10.172246697754671,-0.14691774269295468,0.4351487669226301,0.3937242153932191,0.9405738342793758,1.7853407681410138,-7.07242937181742,2.2645456109081903,-0.07556490796283413,2.669654398206133,-0.800383763105305,-1.350626463131347,1.0654492426173467,-1.6847997361106464,-0.5325148939360178,-2.0444041252399177,-0.12467597702859276,-1.790759798799553,1.42695346979659,0.41551671664472944,-0.6282522257357048,-0.32602248341572054,-1.242265323403256,-0.4058779824614672,-0.031618715315962255,0.6073154897073488,0.8121310466292331,0.2103413373324497,-0.3796930281717011,2.1774514644587417,0.41421428262560794,-1.6161690720908182,0.5779394416982404,0.9595983290990121,-1.0853729681782462,0.13357022608697636,-0.3456211980845342,1.0052271268960167,0.5495575876605634,0.03824003541076491,0.7168955918446254,-0.10440927039739045,-1.594935968784943,-0.5033368867356404,-1.067722770627004,0.4425698097608103,0.009828697492105071,-0.1620609041592018,3.462234023,3.020524597,3.24137931
-191915.69020242433,27885.889161593816,-8528.711275312311,12819.668571447863,11036.56799441566,-8036.713640642473,3312.80134662767,511.205500833611,784.4122641414718,-74.77838268625229,-26.132624928343436,-33.04750221950746,4.929514189130445,-3.917340916448777,-6.278202462271982,-35.185151484985944,9.355576672489331,-30.588360283161325,45.78452104198418,20.773062991522337,30.794644492599534,12.983380531702698,-32.146535874159625,-1.682708648524355,-3.0980673792166016,17.24794610726087,-13.982408375918508,0.004469779235208419,4.910313327201293,-8.011603867893383,0.042097137633764645,19.533476738793322,-18.399042088803448,-16.82644928680522,2.074587768464081,-6.934630311105168,-4.2687584177625135,-0.6726496189209928,10.504496140307252,2.4416335392760233,-4.327338919751582,0.628768507053224,8.79677616552846,-4.52446795375522,3.9105337617437907,2.9299346822732604,-0.9132140326473275,-8.80900910482053,4.762373398127821,0.6938188598226538,1.5911686054276104,1.4823900837363087,-6.260765864940501,0.26995149042833266,2.737943441046133,4.617502078603001,-4.789625309056316,4.387132980687445,1.4582164086328995,-6.043405628214072,1.0678317507072057,1.1154564715501614,-0.09308647483083538,2.518109498,1.948557169,2.233333333
10855.216251975808,-32573.6709334834,-2311.673330918924,617.264188312585,58.22127817426842,387.53264407884194,-3436.9545351888846,-586.9416354045468,-14.764742345424839,-50.1431364461959,-33.387024309202985,2.0004464163122053,-0.550362363438816,7.051865759501115,-4.365119462136487,-1.2224072092881593,1.7887940899790964,0.2172350217091244,4.653331259511706,-1.1366257055220086,4.770983944425698,2.0884460242462173,-4.151395995685152,1.9446360441503971,0.5115140656110119,-4.532669054530694,-1.1291989489213548,-0.35233404356725473,2.8684660230336703,1.4067173921769194,-0.46943811396809865,0.3158466210131313,-1.9197133646546338,0.16556272725495788,-1.3574145835531828,1.632671515595775,0.6868626625773686,-1.01875782993574,-0.5036552665153226,-2.6176499726618165,-0.6317171073346425,1.9453570601831376,-0.20846717593802983,0.4823933058309193,-0.724719363406776,-0.05643976153873429,1.329283958570468,0.024187215816002427,-1.7094290798252685,0.3291627380414913,-0.9953338286763678,-0.6803975557583375,-1.2923988425585236,1.6429014970742104,-0.1870827694939845,-0.7064694753874766,0.2620491552655283,1.168995295103197,-0.4415179808125319,-0.7687685744200606,-0.6686719873525555,-0.44143118759125866,0.16992003058984004,4.371789143,3.869590168,4.120689655
-196930.49038238905,7262.109974575332,4406.180802818685,-2973.7771147003086,1557.8801195255298,15573.846834168995,11654.291105016286,703.4718964310869,-172.17550267708376,-40.779197726433594,-9.78261357172577,-10.421676837364908,-4.272231544330257,15.93626625310398,-21.8840341983919,23.81017198654956,-15.307173931998332,-13.5462276554411,-4.190914730879069,-15.73651794571967,-9.188674136026723,0.38832273498653247,13.55744677112345,-1.9802312375663687,2.0116789342062584,0.6840311542191311,10.596911002500018,11.492717735225078,3.314907829945822,-1.8212452049413284,2.4458417823426495,4.076768250368764,11.454140654440506,7.185428242490587,6.446826070183941,-8.950508752320205,-6.14853091474902,2.788246696787975,-5.271457398934272,9.149718517751511,4.435824219258263,2.759121107245616,-1.5076976244238018,-0.48319615645125535,-4.554048111999001,-1.8179729365784432,-2.4244252962573083,-0.7653145740628334,2.5706212641629462,5.139285834573429,0.27449610185536166,0.6162868903681219,-1.5076978816913051,-0.07422388369772692,0.4403170811623612,1.921704362084692,-3.451790245101358,2.2650862532391676,0.3252742377743811,1.3629346545668433,2.3015443637132917,-3.6730289441268855,1.8428583226643807,3.107115012,2.596588692,2.851851852
-140977.37820977552,32090.968421830767,5377.403919443731,-26187.681426883017,8561.591152926207,3142.0630952811543,-2875.586031818443,498.4687083615287,447.0985444576339,80.43222086298864,-1.796876159085817,9.899178666113698,-35.99619957252516,4.59957085637938,-20.025310514221694,33.651270491992506,21.004605031781484,-14.400755802417814,40.488165979083306,-26.803240343566,48.714886892999665,-17.779191258981555,24.274755274121677,11.639555375851062,-21.404195890305747,6.197448175469491,48.36244674720877,3.3118120177805324,-14.452052462821351,-15.903392330750764,-11.749827890189925,11.883894233963735,-22.719903198168062,-17.593106288755315,-5.4317488804157446,-8.365748666851317,4.885298501704751,9.930985093838517,-18.002415404793272,5.586084671300549,-10.383092324291892,-4.165327502948987,5.839376703087965,-4.102300604721794,4.946002931496212,-3.168219184161584,-2.4414645939600956,0.7853814555338472,-3.221901680029716,-2.1612393287234566,-6.331422284154684,-2.407216700809179,2.2313916966259253,-1.36110857836308,-0.3029949674463519,-2.518471048763658,1.165908429786885,-2.9888606736645817,-1.2866242903706113,1.6493784588537106,0.24638512923111608,-2.0771807948926275,-0.6326414000403919,1.552327478,1.206293212,1.379310345
11221.217982545984,-23418.306746472168,-19902.251126885847,-3326.530800993996,159.77083719243564,-1620.833650185098,-10461.462036047244,296.3371252789596,-17.20666942782621,-38.49128430521902,-20.878016327362335,4.087917052510945,6.214268871414543,10.190099787312192,0.44685601335215924,5.2413212816336925,0.31692398721772785,1.5952833219099172,0.8674560519468637,3.092368570618089,0.209546290434448,4.865222981760393,-1.2500537262272806,-1.4054302344855674,-1.8978390836192676,-3.3917368964315493,0.38845633457305,-0.3896169415519686,2.5096737137744034,-0.30778016061949987,1.4363649173597706,-1.4938451808413213,0.8124451390991497,-2.829358460715125,-0.11307906932225217,0.5267950030022057,0.09709883088281429,1.663017501135403,0.5899982202144779,-0.9970423247553967,-1.4158246786218651,-0.3197355207554884,-0.5761957987218304,0.1413261315444507,-1.2477695229921792,0.4743174872954948,2.7627931161591124,-0.08867852827107903,-1.3700916450961516,0.834840584368945,-0.597041207582533,-0.8787770635788207,0.0005333997004619787,1.3586084037870427,0.8380807277782187,-0.9433734178928641,-0.3473312137311794,0.5670444779428894,-0.6903452014067349,-0.33015663989242977,0.2685876085706105,-0.5131738581150606,-0.37025044425657894,4.549695967,4.021732605,4.285714286
-177014.21774425736,11238.411006795239,-15221.578181771847,-2090.224960978136,1344.9592285204224,-2531.1495112673824,6289.241279489775,-463.73774862989154,-220.65316190471987,9.400493941077906,0.43764424877532465,7.484072829884824,4.031137511609925,-9.46929028930858,11.404200189218304,-2.3828609112825787,5.394471536650981,-0.023839544944434698,-0.5113586321752431,-1.5745614583156287,-1.2415415441376931,-7.815777090320082,2.0583166511280275,-1.2294098642550035,2.4722735216556733,4.578427712601577,0.025612537664821616,0.3519007915937683,-0.7139310551095922,-0.7285503835162437,-1.5952567249273093,-0.9459933863837641,0.7139155234036582,0.6176545930113779,1.9497914973181312,-0.05945032246841077,8.392338672232032e-05,-0.2994366201396411,-0.7017158727041687,-1.4384601817952625,-0.5436425082011386,0.1513649960184027,1.1081150602259604,-1.068990642649141,-0.06334175847780618,-0.3950971509205783,-0.7954944300160474,-1.764929496381018,-0.534434343847229,-0.4213533850973141,-0.08719518372077321,-0.05080907304208004,-0.9475705562502051,1.207245290447072,-0.9362365820623156,-0.013784545673616679,0.28307086044887314,0.6139313871340077,-0.21736887188078857,0.10926828674873448,-0.3248433811515126,0.6307126428595976,-0.16679443703885863,3.373239619,2.937105209,3.155172414
-154254.64509202196,25077.723181467838,20528.219157761152,10455.160721404985,-808.8603531032728,-21532.98062312004,995.9787941442107,-562.7196660404048,650.9751101682643,139.82773591267457,-34.89044585323866,-27.06404676807802,16.75410304436523,-18.517716604261093,3.7829273102805154,-5.362983573623652,0.8365008358583518,28.306112109617857,-8.589785875227378,-2.587685258688423,17.56450256746453,0.9640688289247332,-23.168700901451572,1.9201380141321407,0.5755669757303149,-14.489602106821968,-34.437191068812986,-25.02045496852982,32.015167667854584,-20.881364415409585,-16.075684484552976,-20.278231573359744,5.438373381599197,-10.035712166306064,-11.105497637963385,-8.20465689447548,-1.579415317731338,20.94083455016957,-10.579225725179146,15.733682895140195,-1.8506948403785266,8.538972252964433,-11.234109888302832,-3.9573343859294563,-5.496145147888484,4.6307912832751565,-11.68760440119938,1.5941838827294565,0.4310847173661981,3.841794787264848,1.0366509116734408,-0.18014713167524068,-2.111775341076938,-0.502676576248161,3.779621829719353,-2.6566685741845992,2.0642187733865773,-1.2476028647037607,0.36249727992416053,1.12801004796004,1.1523649165517684,-0.18864031836037473,1.5540621135756083,1.765816215,1.400850451,1.583333333
-96939.31772145306,20225.548858060993,-25415.291051915046,-7637.81817014956,24937.63968180306,-12734.038978059716,-8601.381425464519,303.9252005593184,-71.65183880462034,28.301501607937496,37.5210751058099,9.212141825961933,20.61413097879253,-2.1921194638369332,-8.179324405020816,-13.100149828711377,-15.626023879386622,-5.791754061641848,-13.158175295566156,-0.9712754894039342,40.364235642104404,-11.72936876306127,-17.459608323665122,-5.867718544809831,18.359118679518456,11.031545411277252,1.8022593880599143,-13.599721570323993,-7.521587965147364,3.53329977758045,-19.905276829094273,-8.92828560663262,3.2754228088508666,2.1421121426919414,-6.940865648004838,-3.775899410567855,-8.626634195996028,-7.308462013044111,-2.380225883090701,9.807452981425158,-6.232596615919969,6.42606318580665,1.8937324887205211,13.934363127969313,7.090639702936612,0.38335856224402937,5.776597568367142,12.604177531157815,-7.470266048251203,-5.14108584987321,4.824062946072284,0.003368336424316066,3.284219341614484,0.06707845783130018,0.1842961441611281,2.3883286855081405,-5.21712134466415,1.758591412353419,0.8404815750576519,0.4156326744025595,2.3620298168426546,-0.9081956156547261,0.02049118538741833,3.809449298,3.362964496,3.586206897
-133621.51855550057,-15741.948813768557,-886.0939702986598,1253.6319354796717,472.5159351928182,-1375.4164908714413,2469.2637255967347,478.25061528675093,22.360107035146395,-9.53291318762621,-26.421878748843216,13.603956695978374,-3.6819620956670476,1.9349467104467473,7.034787984718359,-0.836839010079056,3.0748209803467477,4.47452473693387,1.2227727589840462,-0.9383597007883093,-4.4401021340146745,-7.11029735252019,5.032052799777122,-11.54732367211576,-5.915174499066952,0.891967743381477,-3.585846576485118,1.2686148533117958,0.4921845251110311,6.689515339267448,4.578972975115867,0.21113970525287684,1.7999361887934846,-1.2995802402219359,-4.506149196599057,1.2854559292562626,0.3997824252031628,5.679494325089676,1.889293136928092,-2.046921088832732,-2.136025594873112,-1.0798461796453478,1.9729524689785338,1.340310269056728,0.6091206022108508,2.8377050566719775,2.0056445529486773,-0.37013460257375086,-1.3921721985596451,4.6413656893732025,-1.1518174508126313,1.2499520818163896,-0.39336931735612185,0.8427393890130112,1.186448916479165,-1.0349371024917378,0.17478770364547808,-1.3409334772376813,2.6207477874971077,0.5192662483639334,0.7153390515408231,1.0763211600045461,-0.05683473492895535,3.574117983,3.046571672,3.310344828
-180571.34847091264,45568.32806151504,-21891.498100982666,-4222.671994411778,-13673.69487038937,5131.278872554628,839.6712968923445,-468.7272357376707,404.9567115066566,155.1219684537837,17.288082054117247,15.045685799313105,-7.062485155801213,4.832654429892399,-33.505095856386205,3.5747289338561936,-14.518809199309102,26.504124236354265,3.8252463152325205,-11.87641479125308,-28.994256635494242,5.81975696757377,45.26396304833803,63.43174228688465,-22.44049818735586,1.4953549961466335,27.582535322742498,1.6548652289855281,10.035794701288054,14.369740195069031,-9.632851055347999,8.806663530524862,4.1331983791850275,-4.549587519825635,2.481341230964694,0.017256382820056104,-10.366518688357772,-3.3651754823981417,13.915438199049962,-9.637451097063442,0.4004221219680136,4.686090735959112,-5.176615261358846,1.86707010637793,3.6891291203801533,0.36207088965992495,-8.90490995342166,8.186834753005602,-4.097471425986362,4.577341989722002,1.4131771163910785,-3.447584504352624,-0.7107754150374634,-1.8535613875322137,1.576280692924246,-1.7379555746617663,-3.2372097291607775,2.0099964091175258,0.033575427233845004,-2.697665315153187,1.1145383034309708,2.761238206312688,1.5834029153225522,1.592996662,1.240336671,1.416666667
-191340.0318144106,559.1394542236012,1805.0459619369137,1788.143238786758,1094.5804266482037,-957.365105122668,11626.385005417229,617.5807102739608,-255.20831347198558,1.1243249756601739,12.745801512889111,15.793789240883589,-1.1357303719229104,-3.3598807358245733,9.170414626367124,1.5707691940297097,-2.14003448576758,1.3031636409910827,-1.1446240200918127,1.0177594624285629,-1.9512202416672018,-3.459151241966427,3.0586889268393502,-2.6944968754659637,-3.0318669600448698,1.4778375275637554,0.03642232483138242,-0.24097124772944947,-0.5417561691538336,-0.3858769793843175,1.6012767618979191,-1.388216438669427,0.06324760496940568,-1.173445988808762,0.5312118718336907,-0.9696563834637749,1.4528400320221733,1.3473832317159724,0.7236347031293955,1.5682704807249432,-0.316206035794384,-0.3248646195283979,-0.9164524253144077,0.8679007493238614,0.2584670872839753,-0.27098925745967795,0.8178865473522163,-0.08739334779523227,-0.3495917416527729,0.36321785001003765,-1.5395534234746207,0.6641941255050654,-1.1675059149835423,-0.5009829880523107,0.2087285581723438,-0.9716020649539588,-0.2272062655465518,2.207568071637407,-0.6379825640148118,0.45101059976683594,0.41554532518788756,0.9457283588445355,0.9808152869587626,3.46412956,2.93587044,3.2
39461.2815559765,-2386.850800715887,-12023.367783601196,-14807.112479392974,1732.4989812934336,40039.97942464461,-5534.497320892205,-408.5692773802154,-286.2650253319008,-62.294839122863976,18.792488489319002,-27.428693493190124,-1.7111497546808225,-2.433005201314355,-16.476604545198416,10.584551223109724,3.9967138206292745,-5.297878618870414,0.515231852325545,-1.4716297807502343,11.027685052052208,7.105106594327055,-18.314435735947058,5.145023791212125,-7.158791874262022,2.8827311431365317,-2.9582740443328763,-2.0495929257928465,3.739024985902687,-2.9263213868004883,-4.72037701176247,1.5180366231665954,2.7460867799197963,2.857739088117622,1.1756799452634907,7.315767021546957,-2.136359518256312,0.992513386235895,2.59701339930357,-0.13966216903072282,-1.337955540155129,4.1269357959134485,3.8095418898251294,2.1745150528809183,1.354085476716747,-1.1368625610959167,-3.499432864304522,1.6459082115109978,-1.4318426322062578,-1.7716062633946505,-0.7649009964364791,5.013388287166104,-0.3831194683872528,-2.5523685610007028,-0.5620894015208686,-1.5937089325996696,2.037704440662487,-1.6525070820183196,-0.1989930098108381,-1.279024693373265,-3.2553185042857082,-0.5644503819776994,0.8389737895380541,3.09915415,2.442512516,2.770833333
-186353.74250343916,17582.125847963485,-12842.859811632736,-6888.575992449875,1768.0394627315611,13880.584254546075,5831.029140736818,-365.3723178354522,804.2978435906689,-124.9750124796404,-22.298462313498845,38.11924997584143,-8.58350696601715,34.19452657192622,24.401561133389993,16.640799723104312,-28.303965100736384,-32.13789105553256,-16.05626565702355,-24.1598220617086,-25.65520817896017,28.448684764473082,38.22380092963012,-42.680391292121556,-7.073078794103501,-23.199229326880555,-1.1871067888652584,-3.7591494791696745,40.61875531131095,-3.1016237325526808,-3.485703142294329,-15.504137611007106,-16.55616053420333,12.246419633069651,-16.78669593177171,-3.5417236669500904,10.790518335507034,5.51278528927851,4.891325342207174,6.679549350444957,5.282334114917204,-6.18367353415659,-3.1211138895472623,1.932443255670825,9.161810739966782,2.0413950122455624,-0.35025139383705683,0.8743134059042749,2.5960976778424922,-5.369209717585865,-1.9309729747724917,-3.660719618967753,1.3790571919136998,-2.944194456507414,-5.833205999398884,-0.4387440585042501,-3.465734009835976,0.8597852171469192,0.3042902798550022,-1.1739577201626816,-0.5779059695998974,0.9059792424634353,-0.8327757896680428,1.529546306,1.23712036,1.383333333
-88033.83864729258,7413.186502286838,-34170.77181432813,-6402.68141619538,1151.2144101682723,-4005.810390902134,-6193.797922582735,348.62382648479127,-119.69224456779784,16.88882456510689,6.776720396574341,6.070825766857874,8.840695767342195,-3.2868426844099057,12.382872927479074,3.5710644049661138,3.790809687773673,2.122142769179884,-3.8274893968545807,3.8311569702125956,-5.891427275915,-3.5167026981588423,4.283201255780779,-3.9257967517779866,1.2314799256378022,3.2337758011981483,1.427891036381149,0.16092165590398794,0.15442534686113193,-3.0700876107286286,0.10145600128483893,-2.7965131309372215,3.6067574503896846,-2.6154729235137393,2.0275544331220865,-0.8747915277663761,-1.2240512519416387,3.163581718191888,0.3343306081870786,0.09467364528371885,-0.5415711367805336,-1.7397649342633523,0.34389095598159114,-1.7494634287108874,-0.9091282924585983,0.6625325956877013,0.35511640500874336,-0.35124574087881427,-0.9924184060833194,1.162230865290657,-0.19891082531438076,0.47696662060066436,-0.527424315930585,0.28298092695918103,0.043446627178827676,-0.32970482596385464,-0.9498065618812522,-1.2552788191703086,-0.5697876320470037,-0.027056940060028165,0.4668801139662289,0.6691265648746461,-1.03549330468374,4.041123384,3.392209949,3.716666667
26676.551301628813,71718.91671086676,4229.979698130389,-4431.085218515059,81.87415521887107,7518.307150781838,-12531.620564008577,-560.8426227412458,-2.5689546825926257,151.09372210981442,30.297581297874473,4.958244208343581,-55.40921495905822,-0.44910473830288217,2.443292621256713,-17.0934768380775,-9.668512875933342,15.23574776272075,-15.943703913772701,-3.523346443752329,8.500212272824694,6.063826094922997,9.182837988685327,9.83242183142768,50.75499336707221,-36.3004555017357,-20.70838920179577,14.424650401730428,1.6184429045203355,22.648462904354332,4.78845230898983,0.18688612465735857,-21.531718403775013,-4.14690765287251,35.696119243810465,-1.481253995300911,26.502784350118613,12.072862994530464,-0.8791980800228419,0.9722273025484132,-6.685995219450475,-1.6155136808682617,-2.9824826187394984,5.120532552135632,2.0043792689769417,-4.237400385652808,4.670208662875675,1.832577055287109,-3.9484258042386378,2.0164196762509636,-3.7927468080823594,3.4121459408164596,-6.102565486224575,-1.9546312850194725,0.5885265971783864,2.085816990988234,-0.6893279023386822,-0.7200684576649676,1.0347108237962233,-0.002717604317509584,0.4989006140720364,-1.1084730472619129,0.06386869981051871,1.56564417,1.167689163,1.366666667
-54213.74295760128,53834.44607606884,18474.847840286548,-889.0566471085511,-872.7520085996996,7050.514577257611,-15123.363319398213,365.1106000010552,-40.320689481050415,170.48956019545005,-0.3890221772995042,-53.10132596992563,-26.57892497673952,-15.047338357428282,-22.233783627221566,-16.469238308056923,12.165313247566852,20.022236029142793,-9.334908579548122,1.160250990105898,-0.06130108361282789,-26.29673677571704,5.460467442219301,-34.392712054581395,-18.55757280547878,-1.7584698876795246,-8.56185912806796,10.335248640139238,-4.103412862620612,34.5054667321571,1.4517293492693975,7.855959098246434,17.36830257897712,13.40153546466778,-15.582700370510688,1.0221462998429944,-2.560284507971156,18.661697354872945,5.384157293007655,-2.1411225427676857,-9.624174906932515,-2.504124773259234,7.145382844903374,0.3994628053056721,1.933626532307857,4.188007468032716,-3.7247831613984195,-3.1959623373882584,-2.805572780654509,-8.498106751399591,4.225885724067163,4.462337125061082,1.2476899399078933,-1.6913785608801455,1.729258375317595,-5.409892404477634,-0.1824627338965253,2.207449285731151,0.9365853544205489,-2.4277240057881713,0.6249710866053299,-0.9747637990633418,1.4590468739900393,1.387269538,1.079397128,1.233333333
194960.65869782015,76837.82761683427,38291.31280587715,-67.05957369878364,-1055.8447228232633,15781.142624203449,-15690.021481197942,498.6349596521527,-111.40589666622166,-52.810360171574544,-3.332138256107259,-5.508299310601973,-44.39853363534616,-11.719498233790302,45.96635280135653,-44.47432527560667,23.458673437225954,-24.55102083928597,-18.54542660927757,-22.22975385558993,-0.6463469429218055,8.568575766308939,12.388372394543342,6.029599029479979,23.384980654783586,-17.005556542471524,-23.961245939448787,-18.6452312970581,-10.78812436111176,-27.303112435119104,4.890560435793724,52.81403728153905,7.456796600927215,9.447771115839767,-8.175149455872578,1.5720898428029622,-3.6686186022873426,0.850359051804606,-3.1022139752952222,-3.8684401423280668,3.700161635564904,-0.8511489517849178,-7.43265411825841,-6.774389134822294,3.5662659721987007,6.142475135994758,3.011184821347641,1.711657555622996,-4.820045306636096,5.136369589212853,-0.3935519729606794,-1.8621725386343477,6.75381017025316,-2.3567013793912897,0.5687682843161909,-0.35341274464043065,-1.8368353219280626,0.08438903210865556,-1.6207375193757516,0.20389403383670526,0.22390589253095589,1.4878991078497976,1.0690559610287362,1.543937516,1.222729151,1.383333333
-182389.0150235474,45316.29406605454,-22849.537328776576,4182.857420048136,11739.308752690948,6948.16186691508,-2120.7380121329866,502.043580090858,478.6365805037029,139.2154204221217,21.07703097142673,29.93155466809498,13.509055452547418,25.618147937901238,-41.32191482563416,-30.8142967575173,-67.61307646992091,-14.725427482118153,11.119668733899486,-28.269440333558716,14.234826363671022,-6.399468439661429,-1.5387219799508884,10.588572848257803,32.226990628423586,24.831254229942196,-3.6239865300808805,3.188240367791158,-20.586325609771215,-8.074785196060752,-25.07151385418143,-6.122121908023822,-0.9054189212192686,17.092508162021208,-17.62207663025786,-5.247514233700409,9.858267872716228,-1.442728633337378,18.07371764851006,-4.264820555274148,10.790810543563033,1.1757899221706205,-5.633726288876992,-8.02150274048401,-11.41694823111971,1.9188318667971183,9.71896548551299,-3.19630555954764,-1.479834466746973,-4.011537793783483,-4.722459237916474,0.23422784815213232,-0.24903590007028406,2.4185633309902244,0.42475322362956935,-2.5269892828276674,2.3524349434244933,-1.057019371481424,2.366687457810204,-1.1212017774257281,-0.7730770934521325,-1.280702717068362,-0.7078129168555932,1.868626477,1.476201109,1.672413793
-49001.25318178599,-48167.3897114583,12787.790589645303,4259.833315191705,-673.1571690427136,566.3248469990681,-3515.661438725815,-611.4324764486859,-44.63990680090544,-46.94162178755557,-9.787047487496306,6.176204421464292,-6.933411180231786,11.012630021556973,-8.031941775985379,-6.734828480873765,-3.3424081937551566,1.1539461454921305,5.149723093537533,-0.790367381137022,5.794291798080939,-0.6074062938029618,-1.229219561337821,5.609899490005731,-1.1992167307060897,-5.076925497398347,3.0794521405177777,0.8200630326023763,0.37034428728068824,-0.6375724881305841,-4.474412955168969,0.4972021829494944,-3.2652540915095347,1.1808721248294294,-0.912243866653781,0.8439363313626521,1.775188287839949,1.1133788409955914,1.2238345245143283,-1.885342125950887,-0.5727401677606131,0.7966139239830365,-0.11099844898540252,-2.0524629033032267,1.9130687480139505,-0.22511111765698943,-0.587532347531061,3.1221396732044937,0.17889288311678803,-0.34222633031884175,0.38424781482254194,0.4541778124412377,0.37355942022363564,0.9274031269408436,0.6921993335191143,0.11580354622354982,-0.6198056282672448,-1.2196401885296746,-1.3812445797060509,-0.09200175718059449,1.424100336541556,0.28082695713815686,-0.19057878204558448,3.453428328,2.925882017,3.189655172
-209904.49442154283,-10536.71768997794,18576.19726396461,5627.119760526367,800.2962380498146,481.82187302011863,16443.371874304863,690.3004933981091,-252.69908015486905,-9.160485219162991,29.135326899369304,16.852588027855344,-7.4553272227726195,-3.8356664651868617,9.039537889073213,-0.222176359350826,-8.121745692750732,2.0033204067049857,-0.8585300490116975,3.7381983972047843,-1.286602841181176,-4.6226610713961716,1.858509126293465,-1.6482579069815875,-4.76199292239435,0.5801920842202558,-1.3011108414267747,0.5278246207248605,-4.721336484513907,-0.06638630553920129,-1.1765632660740695,-2.837084247242227,-1.7002335662452615,-1.0151651448620915,0.7887698287981332,-2.1820415550771752,1.9933877499065649,-0.7674184877377067,1.3059314650482472,3.365843584592651,2.9028631712446527,-1.0067486154801741,-3.287053566625571,1.461501213040477,0.011515403455417867,-0.5729224636468722,-1.3084064755384615,0.4812966334282886,2.594654410190591,1.4134060349613564,0.7647559972289671,1.5358210297964425,0.7790902473162495,1.2117228293976303,4.006339846640411,2.0582647792353916,-0.3441982822944659,-1.1410474125525143,1.3055802101727039,-0.5979098735740043,-0.7721911907253366,1.5173760395522946,-0.1938390923759895,3.16710629,2.73289371,2.95
344064.3178804672,22136.996948820397,46198.86596276608,-36004.34865211558,17609.995609033136,-39153.562835179415,8098.21992400019,-394.5488648274111,-434.3976439723645,-80.65005294260253,-42.20017105173865,-51.13545270179877,-7.420635353672867,-10.302441336750498,-37.27141507143629,7.884804997534225,8.22866547264774,-17.86740874780022,17.836287354391715,-22.587468526553227,-30.003457126741004,-1.7423220837619515,-5.549338366348493,0.8229975320933132,5.7165432087565415,-8.17277680723232,-11.187654437614926,-8.640480368925916,5.62820377755367,12.386586327190336,7.869300574609675,-20.719873538189812,-25.993332658465153,14.880645870995204,0.7372513520083444,-9.767627953415785,-20.646862639005388,-8.94156939599357,15.084626210020799,4.123155935187899,-8.060744061312278,3.5644585522834,3.065205057351126,-10.758495558998707,-2.881225398425854,-8.619377185634315,3.5268599902028503,-3.589450706600062,-7.702169831832058,3.274919833748347,-3.972367183765278,1.1784027656659262,4.331829141696366,-2.9534297087531214,4.116978219971533,-1.4608213113029416,-1.7203088422230488,-2.3268027120737855,-0.852089047874494,1.289997534045803,0.8200090476280794,0.8519990681646559,0.9734206048606756,3.075559963,2.385978499,2.730769231
-192550.92346794272,23579.674079202636,40949.448372210194,6588.300698339232,-487.98546442774773,6038.490379119917,4384.1466816233615,-394.05102022231273,262.8789168471543,277.6810013926877,-1.218181794809161,-53.705258738489476,59.058953057641276,43.15880074027632,21.548260747789698,12.934627370249755,6.400591366263396,-5.212158914835437,15.047924256281169,3.3851661629098606,-11.632076191149185,9.658631872377935,3.0702031872932567,2.1894530262544274,-16.87470825654005,-17.38042537787661,-16.701707909744638,13.030617935278752,4.44929009023428,-1.9973073094713116,-26.02941047642568,-0.324319719685002,12.984139512841844,-2.90949568265832,10.300505154131406,30.509074062859153,-16.935583595794178,-3.097071511835194,-5.663724203749909,12.269257513358944,12.774942797632407,-9.650108253110144,10.542662769586107,-4.102760482284008,10.126431863025758,-5.328389909375381,14.163037922486318,-2.4393206588575005,-1.084225321018424,2.253060563268193,-0.67346048569901,-1.2373940415738982,-1.1460670724483728,-0.7047669621689905,1.0322155891788987,-0.19633335756561476,0.3428067459297563,-1.394133178883731,-0.9793983652464552,-0.7509817682044099,-0.2682473862683768,-0.7798211169225912,-0.09368012839640438,1.770033908,1.363299425,1.566666667
-172152.59757377705,37771.62475971997,-28242.299657277094,4981.912067223288,-3171.1217401204854,12579.303577309476,147.06855135241457,-472.10399033601897,-259.5132596829567,12.989798891129706,10.149302614316031,-40.55607976209329,9.355558966323512,7.003358695890985,-40.19072088433352,2.8598788873025884,-32.082653678502965,-7.245389021181656,8.847736807336284,-7.099518275920176,-26.633833379002464,22.02699559820087,-4.5480386958190335,17.400675674023823,-1.228797709232536,1.275037443459604,2.3985654609965086,8.572521716998017,-1.2331020109542787,-1.1227252033121078,2.654008022690508,3.7132102672662257,2.7572227755612837,13.02381813568676,4.0112532807093055,-15.725621754727808,-4.997453796142662,-6.954977917363425,-10.07024528298626,9.351598332443128,-2.571966218711762,-0.3790390853802043,-3.680177402817117,1.819862154913227,-0.22389320998342305,1.831498514187052,0.5534747648275445,0.747103904345723,5.634995582649986,-0.15853592691903345,4.474583928919934,-1.3031159203321172,-1.4354868610719527,-1.9622813384273692,-0.4879747696360361,3.36652449367912,-0.3008831637757376,-0.5103717352778542,-1.859298019550428,-0.8704413063386742,2.2499263881199485,-0.6630484826980657,-2.0532357754404233,2.137035504,1.690550702,1.913793103
9555.796908238688,-23600.7248026874,-19966.818868023078,-3333.919635185694,142.07985765946202,-1671.243665571379,-10658.285895662597,293.3106317418448,17.404384656999863,-43.295021235086864,8.062354548546583,2.5863358123516305,6.584745678995588,9.359132065284593,-0.40085720309471046,1.9055213389716115,-2.7339986707183908,1.7899025377414932,0.5873721020146936,5.165552694448036,1.8378123393856352,2.9700964918107644,0.27686745727726675,-2.5535023475345073,3.1321360704580714,-3.839278190167127,-0.6566932495581674,0.7522878276815717,-3.2437995298484257,-0.19449121509888198,-1.0054910705868443,-3.3782806737558975,0.15243452570568022,-5.103317536499235,1.2153749043143274,0.08424263770035342,1.0868037906148373,2.969945242324604,-1.4028120813420466,-0.6890551550736976,-1.4881738730102332,1.4441730947811595,0.44742982353166244,0.947980941500803,-1.1763031614521824,-0.12782329299827927,3.0241492609436116,2.9247327212586764,0.5197954622463911,-0.8312950397785839,0.24159602346349593,-1.338623288371744,-1.2074670318941765,-0.48201658855700236,1.3884838511653794,-1.1125613760479922,-0.5368432309249673,-1.30687620193145,-1.7107066243850635,0.3172842702728313,0.036290351058268076,1.7571478029137721,0.551241930312613,3.431346944,2.747224484,3.089285714
-162126.5982593339,-27921.84120033733,15479.956809282015,5045.304908306045,73.20762136646678,-240.60131910047969,6109.353650858691,522.7156068744131,-180.75007203462224,1.9207608381855719,4.035116311421819,19.612854483333386,-7.874316817611564,4.631629875835753,2.5877480334095675,-2.4532328252459585,-4.795232119934018,3.484279365059951,0.019989469212834923,0.9880220135172254,-0.7296899991952335,-2.306304191098276,2.9571027541138943,-1.6097463249444721,-2.6276685378840976,-2.770720785554397,-0.46855701770453745,0.4690712276486812,-0.32924983976117744,-0.20874236339408628,1.4081525946206572,-0.2675115298935803,-0.5385737635076402,-0.5997228167681764,-0.00924479657883237,-1.7135207481766295,0.0655342021671788,-1.0899035879463919,0.9556159389121399,1.494067935482206,0.7484804027132228,-1.2376601387484893,-0.5959156716875135,0.21283483389464194,1.8189072661768753,-0.6605129288026805,0.5241351352978801,1.1111570575938792,0.47273117652108493,1.1228793762686435,-0.2300906178086732,0.5862796113927549,0.7471379838516099,-1.8294713076801974,0.5610175417149018,0.3295252033786483,0.3945117330086825,-1.1776008204145216,0.6323610095907932,-0.8143700027805635,0.8946688837439611,-0.4465010412746908,0.27458163076481523,3.380332715,2.964494871,3.172413793
-161757.64749986146,21975.321307286824,-32128.94291774712,-5945.4909453690825,1604.2225568107974,-4071.531218225991,1078.9381302969234,-543.9212534583735,-211.25191830822254,17.87460057100419,-3.2239601381556455,5.462227947725312,8.879786839567313,-12.304345004854413,14.014776911529502,-0.3071869246272975,7.880526278138385,-0.21739108758029227,-2.2560210113060295,-1.436548728209793,-3.5142572870059543,-8.976209802235555,2.2397095666685827,-1.5312027815913438,3.8131101886473604,5.251552581377403,0.5365036158569088,-0.11304625726875704,-0.6975423431921594,-2.2407032593397735,-1.9772104482445123,-1.2262036638017872,1.945927123682475,-0.016934817025782194,2.145306264310618,-0.10426222809274133,-0.6718052415884175,1.1261156090475721,-0.2262730362047201,-1.8779576411712822,-0.008124799830723615,-1.5986067367429067,2.0739601577032056,-2.0435107901178897,-0.8075972111378442,0.5440570045439984,-2.013811933140799,-1.5181111178658702,-1.009544863446992,0.41285281734370566,0.674355742237573,-0.3602634299688314,-1.2779283410076998,1.0559543164734664,-0.9341381773355091,-0.8134591254287984,-0.7350000190034922,0.26084764961061896,-0.06366045333930975,0.16959744420651504,-0.6873589306981029,1.0110264266484896,-1.1234322171397462,3.312221095,2.887778905,3.1
102995.09709901223,-4346.599785654564,-33710.42896957834,-6817.721536321496,1229.5585895463278,-821.3302906862942,-6582.007430679906,-603.7399893892339,12.769232338391392,-51.511867482452054,-9.856188072266063,-8.825303017352121,12.207245785856198,0.20590657585818792,2.665077351854055,2.7802930782059567,5.550647156952324,-3.3635344180754476,1.988201476113876,1.0275000865927915,3.027439277221344,1.8191877208188432,-3.9498432230289273,1.5754356614111877,2.406072716001412,-0.519506415539011,-1.2804757169845982,-0.41187024610268774,-1.4742544486791895,-0.20785458891954978,-1.839366907589369,-0.6917329496822601,-0.4938584169061734,-1.4874360804894502,0.38340289145644535,1.5551959314058774,0.2560655768916715,1.9594587862417194,-0.9796492402173442,-4.3967596717388355,0.8503075778231073,-1.0841347834311679,-1.0355680272933,-2.1137340968291323,-2.048017955730487,1.0454652746445332,1.7538219663162125,0.3426392028702285,-0.6686030388168654,-0.5046154222292877,-1.818924115999934,-2.3652814429378637,-0.29301131071625197,0.12454062384251996,1.0061688451884816,-1.2678750752991539,-0.36612276492360796,-0.8265717938817121,-0.2638557983828832,-0.6232636932451454,0.2072187958191123,0.44464925512671216,-1.6018693337477257,3.658971212,3.055314503,3.357142857
-169722.03455831655,-13433.490739747675,17659.610353133274,30159.94897278609,-8302.286396112555,-32.45919688273014,4641.716924840803,504.70555039468763,-264.18882992617637,36.938042472541156,7.42835741251109,-15.064522444994907,-1.965719705091581,-0.6039283976548495,-11.87459835167401,-15.247482877473962,-19.371922830823447,11.372567597696523,9.065495391444873,5.11012771887107,-11.80295634821001,16.298054477295477,-5.015626406254899,6.556501264225137,-10.046416944215784,-2.825714945154746,-2.0703180927559037,-0.8470460942017598,-3.2131541715072873,-5.166489113067036,5.313713936770659,1.2800164021326261,-4.5293178975494754,-2.2038787777679283,-1.432301710032055,-2.5915002274557715,0.506632558037074,-4.149703488552128,-0.45476165567092647,-0.4576699917909891,-4.5872747518862935,-4.865890166257162,-2.0256625278271865,0.8867482200233232,0.5268998458429498,-0.5184462925535417,2.358964391989002,2.6636199568336796,0.836774936658552,-1.4944427365634434,3.557730217919445,1.0696666967274397,0.925014331644123,-3.1637568759444417,-0.378968136706231,-0.33396368947207544,0.26411502853786833,-1.1263642158220915,-0.5556548619289955,-1.1065681953314208,0.6511031791110513,-0.41000573484330344,0.7742022806680513,3.12457995,2.57542005,2.85
-208656.10983661877,-10399.087565069098,18626.08882136662,5632.565155429728,814.044566009579,524.1586296294875,16607.519646497258,-305.51084867787966,-240.42475408897664,-7.818744286623841,9.840421451978104,12.025058668384919,-6.193976967224314,-6.581828864196602,4.925534514577717,-7.39349566208435,-0.4773295542470801,-0.013569179104199138,1.8263037888851454,-1.7667513665184766,1.8166830217998486,-7.05449732322551,1.3901248761116147,-0.6835922344131203,0.12457561343261342,0.7149636408170479,-1.2770050296340785,-0.03428442933985199,-2.768374462024616,0.8881633355611664,-0.7250524321390316,0.8935096049527081,-3.0960465259564143,1.6340626070310553,0.24836408381317615,0.6504545999144258,0.8194210883696895,-1.27223620487338,-0.001331736277650278,0.7290425328393241,1.9665153430886235,0.22281324210291026,-0.1476551563812077,-0.057174552448180524,0.7752166498383564,-0.20894897328988252,-2.572988784590729,0.27537744207057624,0.21639984324633785,-0.5659427031607829,-0.18590081323156796,-0.05714114699826108,-0.12046493766952546,1.5703054500197866,1.146226989387142,-0.03245597866204647,-1.4562053976395595,-1.616195386124398,0.5034944419496665,-0.32352852882547817,-0.4431371594851763,-0.13029559073369565,-0.5909508226393153,3.109396031,2.640603969,2.875
309437.3201853756,89263.16899558672,43007.21173215102,496.286821425206,156.34319356177403,19288.127176015565,-2063.1333151754775,-239.13091335138307,-297.393401547661,-72.4841237469616,25.290548286064325,150.35766157192924,-19.57949019719157,37.17824602357558,-5.553230479114756,-47.0523126296756,-15.332264358600625,-30.500426444804276,-51.2834851123266,48.95986092090501,-8.526327738449773,23.593141199589205,-13.816375443235378,28.830799658186514,-0.7260501606762391,-1.975839410100531,-3.562123581492648,6.481885243223307,-0.6152108048286571,8.420969365346146,-12.49249483090416,-14.05536937040758,-4.627246792058962,-20.60680548299658,-19.46903941732855,-6.498217185850648,-18.767999171527432,6.008947613382416,-10.230104817065664,-6.536550843009573,2.2779815164273893,-9.91142854604654,6.165965039214884,4.453281871033068,-4.354335012141512,-5.253463524033867,-3.8945894102413416,-7.290934068403551,-3.0938931891784462,-0.5034945033941116,-0.32130606743379464,0.04687397428188753,-1.0138180917947681,-0.4213141817810464,1.3654445477224642,0.4332434700949306,0.5232925103779269,0.15860162027960167,-0.665592516202863,0.5267552087890464,-0.4002819322892156,-0.5600743662449356,-0.02049874433625158,1.377270849,1.056062484,1.216666667
246964.03748858158,-52400.0088706577,-3015.741064149947,-58.345234616502125,-370.88246000031745,3879.5232772080853,-7489.6973298542625,405.9954000380112,112.79501346876646,85.64313361172168,19.134351408702468,10.821908201473647,-11.27735414669206,6.254652223260748,4.959967776704583,-6.341402312036117,-3.9347661772596423,6.637152591278909,-1.0899427061661855,5.307605513273278,-2.301950618758924,-2.8890236485546623,3.1478352368583655,1.3421526431852313,1.4261532444540437,-1.588612126034477,3.0460018657859655,0.45120408170521453,2.7065249490618215,-1.3581535032236813,0.7798363669457234,-0.9855478176236394,4.163734238399968,0.5805294398325114,1.8752934396127132,-4.343372008638536,-3.5410482581803593,-2.3017488291713524,-0.5080498790076208,1.5649319654396796,-2.241783483872889,0.8283707377478431,-1.7045144159377723,-1.0556133102788308,0.2717176191097172,0.38438256712949315,1.30683992564846,-2.2293047938942134,0.5121101342537159,-1.5396317590931434,0.47301870464239215,1.3872273475361234,-0.1844190109572118,0.8645402303265387,-1.007960677578519,0.485947835957652,-1.1619466792413031,0.16765037303768784,-0.824751639037349,0.5345566451234697,-0.28068090121334943,0.5166531448088734,0.21351099700118623,4.518530885,4.014802449,4.266666667
519840.3157679632,-13560.844450099083,-9573.809645648987,-2705.991167456307,2616.548834204849,10197.11345998549,17831.151732469185,-72.02086521728629,131.7922185124408,27.667315809847434,32.72128722212839,-16.27663590942289,1.422370083102172,-10.428743149037556,8.6336281104264,-2.1027417638786514,1.8341477054090791,-2.127078059803486,2.3154075968815184,1.6888549260100656,3.6088027245275724,1.6306896864660314,-5.139480508674745,5.134421304319953,0.5070590746066173,1.3906900292256583,0.017947545258048026,-2.3819785692047213,-0.054418045848703966,2.4601280617975383,-0.45107589562715755,0.16329367096559882,1.2188923985616211,2.32027018167612,-0.8881172322228318,-0.13470521449920325,2.4082883024532777,0.2162541158342111,-0.4487421210007962,-1.1732717175854828,1.2947854694574836,0.2574300635225197,-0.2882208212929271,-1.00216586214974,-0.632192721533543,-1.1515382206558349,0.23365055711234567,0.2767678399575646,0.8832319637012939,-1.1261529056633877,-0.5528902736282516,0.13549562714745683,-0.35291867629109125,1.7381633252980666,-0.5793573875421831,0.15649786642262256,-1.3588216863404656,0.8197375004562435,-1.8521554061260375,0.34856585059882284,0.381635366664228,-0.043163078890573525,1.4260476742166595,4.581469014,3.989959557,4.285714286
104026.95410753018,-45195.952669479004,29712.55658577311,445.4723605477028,53158.88612357924,-18008.006136540596,-20423.068888394908,126.26330274330836,-120.0016604200122,29.724734190725503,32.399627905565914,3.208136597289549,-15.500475309907678,9.420981924601353,-31.693379631407907,-11.695495763270577,-4.269072294325742,14.071106482748151,-6.260786174288771,-1.427953014930736,-14.841169154914507,3.9230786457709783,24.040765233305063,-1.7734255365074671,14.706500020994548,1.5983462108714535,-13.785896916133096,13.220977363726186,-21.357891237069616,-5.403631464787286,-0.9448040249861334,4.122442725140743,-3.043503105931513,0.7627542704122141,-0.7820803146392834,2.6499901254679052,4.53657122116188,-3.9468993162659745,-4.004791603727842,0.9671925989286025,8.625356636005302,7.480079066694982,6.010196292776115,-9.520089559737114,4.585001210435738,0.18039322513363834,-12.565812214861053,-4.876958107967926,7.27318763607194,0.564838657842804,-1.999265283863253,-6.307410972253858,-2.521691150464957,-0.43679586579301244,0.9992410696064965,-0.23637808182869402,1.7135765626298178,2.4475034351096436,-1.531937652551543,1.1438115227313939,0.2220508830980548,-0.6692952695413067,-1.3139309964855361,3.576319397,2.84034727,3.208333333
-56563.32933247321,26534.509733067673,29185.676392476806,14663.104679990462,-2252.0243166522773,-31809.277535131234,-9714.003747102775,-747.8210618165517,308.4371313262415,-48.80021602588623,296.73667098796767,8.919096498409512,-24.58641641155126,26.35665055591575,27.793095961332046,34.20032097496329,-25.207047503544413,15.263392858822977,17.932281910206807,-54.06286022656493,3.0946393557177996,20.92459035163945,-41.99656334020087,-19.010035251215054,-5.200586659890454,-17.51682504003398,21.232499349345087,-4.130982655844046,4.548009797146478,-0.9266864239008928,8.77368945258189,-0.43663612367422067,16.362672250419767,-2.7198482591062505,-5.478527371269837,2.1509323298170355,1.3223291272114326,-7.809383168158319,-5.799516710511591,-6.3281587967223105,-4.022230516597907,2.4373077403126833,3.321874410540645,-0.5808659995658443,-4.651239291042132,-1.3616683808447774,0.22114106453305085,-5.942561387043681,-3.7149583452045514,4.1581300877362315,-0.22894592212558001,0.2853494151934275,-1.0113207626653316,-1.2372167575226019,-0.5527198107315192,-0.3719213751190813,-0.3009631638635113,0.37275885822347843,1.3189086075175205,-1.19124704119562,-0.11540626729081,0.9337166257550045,-0.5450245352824686,1.400678788,1.15104535,1.275862069
7075.798715895006,-32986.1221086892,-2460.1415687300655,599.95241385994,18.062285349953047,273.0539800755045,-3884.9330358177717,-592.9240671301031,101.23571936912082,-64.1480858732261,-9.225712770220632,7.604297359948449,-5.246767862845588,5.327807641240334,2.0035872067695975,-14.395325387896316,11.929057171610184,-8.108614005192893,13.699220003145578,7.923603449451088,12.029033802025591,5.075386461419333,5.6640704191788585,7.228265766969826,-0.9412599433582751,-1.9223452116194821,1.0826883561169092,-2.134358977341321,-5.644856256014068,0.17400496353049044,-0.7159620699253638,10.471597170067335,-1.6123984736554868,5.345851425053924,0.09132037028722764,-13.985196721105801,6.644915018901095,-0.38098257866060986,0.502511842344444,16.92334179146851,-0.7058950469517307,-11.052093294744529,6.604129289761525,9.913544507168869,-5.848515864021692,-3.3223669046862168,0.44932834565836316,-7.505230885229922,0.29072127102817896,2.82588594192726,4.4139933182862485,0.5709602878719345,1.9038569175829911,0.7526586261228461,-1.870496270775077,-1.8488420065133644,-1.5326361528564574,-2.1048261052231276,-0.7780513594849188,-0.530874636737518,0.3117944837617486,-1.5778086630729407,2.1223840562748557,4.23399043,3.535240339,3.884615385
-190387.45954142045,665.1960614797048,1843.7495985844662,1792.1233377802882,1105.111349401254,-923.7206345793434,11754.647097312225,-376.94841359778485,-162.77129206196798,-6.987017152822768,9.247606013838519,6.751634170346601,-2.78644634204909,-8.480479052152674,11.374730135695595,-6.3549249210486956,2.637872548220485,-1.9301324590875286,0.20741610452815556,-2.880269114397921,-0.4009225743589038,-9.643660688169714,1.2529517278847968,0.264470766043101,2.03075250321836,1.7812277555994322,-1.0866063789308973,-0.2497884487063205,-0.4447481290409288,-1.3031317091756704,-0.39704778407953467,1.039002288662346,2.364534576811087,-0.241249615696371,2.847692477677151,0.6446088237986664,-0.4677381962623084,1.862975316975677,-0.31235926376914036,-2.393238140295179,-0.9503343383302291,3.115851463318281,1.9664397319192186,0.7246565083653552,-0.8473905318918563,0.7297568980367852,0.458740154379119,-2.001338531897523,0.8116743640893856,0.4120157355500513,-1.4816592583308112,-1.9715349214814648,-0.8381988119996985,-1.097868215070367,-3.4489314351050737,1.555503251753338,-0.8163146542204421,1.2695006113146312,1.0502899474511527,-0.5624243018741338,0.4747872015904768,-0.2565842073389899,2.115394964665578,3.249159055,2.784174278,3.016666667
11216.352421594494,-23418.28607615334,-19904.383547335914,-3326.8899592742755,159.7531986571557,-1621.330618399363,-10462.343616711458,295.4767198465766,-51.220272355328234,-36.96047647917349,7.3798170076882705,0.8976397225992174,5.912138542185019,9.829333555295042,0.09614645934795277,3.057486908640668,-1.561728471695046,0.4534318209912484,-1.0159355291805485,6.597491332300129,1.126942891436245,4.763418475141855,-0.8183732707174114,-0.15676811814277142,-0.9528585892783126,-2.4555576458062918,0.9238288299464075,-0.1133553440371387,0.21877016379978045,-0.453486126835231,-0.20529002944080213,-2.7192781955636542,1.1611698218667044,-1.491019300286694,0.6574654325758172,-0.270666910207569,-0.34373162743966723,2.105749488183641,0.06416578541812402,-0.3984830011113532,-1.3766220711575057,0.31910311791137824,-2.2206137177516885,-0.2281148027789395,-0.5952482292861871,-0.05964277394987535,2.17419452164534,0.550639950958585,1.956253692369848,0.8059888719275334,-1.1012734043190393,0.3914127467911513,2.315454006912465,-1.6473338763493934,1.151166449335428,2.0906811275521684,0.8761440090319605,-0.3841128595590933,-1.7840044620774855,-1.4588635156709457,0.715550723101992,-1.1077868091792873,0.38913510576527577,4.364099225,3.778757918,4.071428571
-101098.87213979202,6926.486666838994,47846.555276967374,-32033.43875251486,11236.313187071071,8964.161389948109,-5658.712009566868,-504.5003645859213,293.12344278901116,25.48909139077588,-47.13377594202062,-51.332548278741974,-45.607449871103135,-76.48650726016284,35.92803967835337,55.5204741091638,-33.18922340213726,-7.667990827668897,-27.276399801655526,21.626414698274655,-0.9559104595033208,-13.25555045742726,-27.823830575295315,6.520980676377948,-7.200898113256452,3.3633905943887368,-14.014383809215175,48.78858271793792,-4.794455748123831,-18.583936180441427,-3.046486301105535,-10.687299422614567,21.687858384053914,-19.52114530827796,-11.058968030498008,-14.238245899152698,13.689794582758005,-15.731353060210212,14.370936529698442,-3.2328579588291464,-7.5229361743449505,-7.43777965933032,-4.149839392365977,0.4672739114894808,6.1263949898388645,-2.1645272810823886,1.8694591489544594,0.7967791055872251,0.2315829240410517,2.365665134172763,-1.201347702230794,-4.2319499571672115,1.731350337364457,-0.18138458002800137,-0.450071079772802,-0.15596291102716572,-0.8593967328924046,-0.43680801628854565,-0.8333962006515127,0.166219119948177,0.5152737065079297,-0.255085625057392,0.4119723246528611,1.424230754,1.075769246,1.25
-102740.13104542744,-3260.8968369153995,-17240.388383105084,-2545.415784541552,898.1551503639927,-2443.771138859215,-903.6443111182143,-564.947203559519,32.15753836969464,-5.411819291459297,3.9200900838852353,-4.206651600354557,3.7382159934717394,-6.285509521137359,10.894707746003606,-7.559053025624594,9.189935253216303,-2.4896004623266754,-0.987160838282622,2.004771393077452,-2.9324542151605177,-9.369892673698354,4.265116608165855,-2.584401159653414,7.399561261672712,3.9467217610086207,-3.3462746007582833,-0.3709819355800315,-0.2886372573386939,-3.3563635341915874,-0.7637674240135653,-1.4791973493361996,2.0745773606124867,-4.237762468342522,0.7011105767950919,-0.10453609872196493,-3.171465725339879,4.2950605962760635,-1.080078312510575,-5.089586744403271,1.4468536599043438,1.3401086114370049,-0.2077843217390863,-3.011847395932492,-0.31010838669840135,3.0120286314464955,0.6015469152461308,-1.1051673029753495,-0.5532375326021253,-0.5857771366296657,-1.6577808372508405,-1.1104182661030293,-0.7093556249622031,2.8321593790449913,-0.15142625876855206,0.99459196442491,1.1401337205062962,-1.272036503049748,-0.7821219189242767,-0.5295422952217683,0.03596438179174079,-0.17534607873113398,2.4129175010081427,3.720526178,3.246140488,3.483333333
417683.2830620288,16487.851371332254,-6916.16384970029,-40782.24172460773,-36560.34741933047,-21398.04846717243,5700.180107221405,606.5724114644958,-136.21461301768173,43.04375284078586,-13.201917098426119,-3.376415444275782,-3.7349560225881127,-5.70765584524997,4.979619094527809,6.428611269105512,-11.408644666110549,-15.661048523619243,12.126558798891043,-5.065415454509396,-13.125298368500298,-6.236605838626277,-8.946817130857827,10.954955153024432,6.15757654347843,-1.4143343721183441,-4.8220626699896565,0.36886578626989,7.447974797080357,1.2085324981398053,2.0857644684058267,0.4145034657083998,-1.2279282186730718,8.954214922871305,2.3622647180573746,0.7173441670817141,-6.8127542890752375,1.642569951747737,-6.270291860629227,-4.664375910413174,1.0277962387763255,-6.082324656913452,-0.8007076346628219,4.505455977809142,7.518552514592126,5.257653193126961,-3.516897428938868,-2.7833614986504904,-5.116304592716517,-1.8914418459729265,-2.4574678096684917,-1.96134926949161,-0.2338608103311696,5.543159697294984,-3.9234071853772745,3.9315748648375886,3.034738622096122,0.4441692634273239,4.306955552176739,-0.2621871564085587,2.6966531277921457,-0.37137705126970183,0.07782581585994622,3.0643401,2.528252492,2.796296296
-177088.98264742052,11232.900392403219,-15229.401396701729,-2091.6888881739023,1344.1801453917433,-2533.949006171069,6278.294552055449,-463.68408587858494,-209.25129848915256,7.879651784731998,8.589136118513009,6.817128479867627,3.753507654454329,-9.861613597360027,11.495883518584908,-3.0441362102812546,5.138999498271428,-1.2109766879786104,-1.622720199989348,-0.5062863194344254,-0.9525705974062071,-7.380027906759331,2.8564646770700968,-2.0037531407979885,2.6854174129239885,5.694408954084978,0.07764414938011985,1.1631796841576068,-1.772296590101855,-0.4411381067110382,-0.9198192269694043,-1.9777314781753514,0.05938674283217952,1.1625861999179183,1.8679489050967575,1.1406024829125059,-0.6460451108854901,0.5577317391570062,0.07979167057578176,-1.5615774609767263,-1.2617986539603683,1.184896243521606,0.8154883098168091,-0.6075382558862815,0.6692443363761674,0.9666366347512574,-0.8992953558240963,-0.840046095748204,2.683970676616619,1.6760214301860092,-0.6305834087740889,1.458386615101691,1.8060127743568246,-2.0186691925091917,-0.7615979473649455,1.348843455349736,2.252527480165806,-0.3805386823159803,0.3534253155351216,-0.12563092674598064,-0.02160041616229969,-0.6609693263533739,0.5157173019001324,3.324814232,2.847599561,3.086206897
-178537.71721144073,11070.300380615243,-15281.928159228968,-2096.792467401509,1328.3044122460053,-2581.8477796394013,6092.918508220901,531.1698491738817,-245.04798991731124,9.49905074233463,25.10961889223641,10.451269796101288,4.4413650085951515,-5.468660883670089,12.53719303232184,2.088050381714541,0.8830051076324692,1.0913343951220311,-3.465941443925252,3.222911241508697,-3.5861482853630204,-3.9399389471190474,3.8732273288923063,-3.0566502709759735,-0.8017525064582304,4.232156872837357,0.7009812361133447,0.44424985088028024,-1.6785207282108368,-1.5030483789787443,-0.04865792531744153,-2.7616232393362656,1.5773696915500026,-0.38530394645048294,1.5644760731507983,-1.2462184958051594,0.2103001511942493,2.7192267295179056,0.15493223177891247,1.064763350371905,-0.7718973977059496,-0.9702904280774256,-0.20160908442042702,-0.4030543150635137,-0.5192158514303373,-0.47369161362090995,0.5152725947990651,-0.13363292069252164,0.6044707974287364,-0.005028014090536354,-0.7926145772669447,1.192197699967203,-0.44657950571437444,0.5525172862446771,-0.01097670776144263,0.03317052277531043,-0.19761413406820427,0.051775975167833874,-0.5189520137779332,-0.3986574853272174,0.3153954835600093,0.7135002182012452,0.14318305014476565,3.394160216,2.89155407,3.142857143
-133309.2218459344,-391.21379098383557,1612.383581125618,26405.457462716007,-7818.673712391907,-922.0083414464964,1956.0858293161943,-521.6705930670491,-117.73281958063167,28.93544195781534,-2.9622020899056873,-31.221821616516877,4.7083442467845895,-9.466240413104364,-9.635473523237174,-20.90794378878011,-10.655369283850735,9.694986769044283,8.862309252637404,0.7663617331107916,-11.3725737208677,8.38906824671272,-6.092088023554498,4.874579441510806,-2.7376906292159777,0.15488892525971928,-4.339733022144208,-4.199556772282586,0.23156227474877256,-3.2652187243061923,-2.5049386204241912,2.4030108401431507,-7.205835331095977,-4.761975867901085,-2.229419918601671,-2.4115019845013683,-0.07977597680440611,-6.133583143845152,-1.8801836851019071,-1.6623887039451122,-3.6618742397078843,1.745604868596609,0.9473788020084702,0.9964635682611398,-1.7620341768070515,2.4669908454971385,2.7307278785920537,2.0484995506944137,0.7314063910216567,-2.406746907682023,-0.8026011305656856,2.6352889197781324,1.907527142809656,-1.956891033579584,-5.90834247950808,-1.8592649790681046,0.6999404179419476,2.6700319720705026,-2.3758455668198017,0.6230913728982003,-1.530457638184471,0.1352557504899046,2.1496293831705424,3.669138913,3.145675902,3.407407407
305227.3157785169,30128.48071194906,8409.690202032909,51344.89811167726,36427.102783898794,-14881.995171313132,-11829.07041924573,360.108753099995,-493.47324688182675,-25.665658197182854,20.605968272776774,-76.21881671263873,16.780713531456247,3.8207416779147123,-29.727041540464377,11.494816928805848,11.76061977266044,13.518179240158393,-33.469966878982326,10.448159468015275,5.379359685873669,11.786309826080533,33.09997530247819,-18.962191631019124,5.635358198643739,4.877519943467688,-0.23862110179302626,2.2657918174641827,-2.0198485590373974,-6.72466940000238,-8.516302007547548,-2.529835449590438,0.7227683685934823,-13.335116009677623,3.1228783061013132,1.511393961532058,-3.5139783114971728,-7.283040136678593,-1.9944849309954744,2.7605593734119385,0.43365334268172373,-6.899388598381344,-4.942822988352399,5.10476346566236,-7.647302952349579,-1.784781358604293,-2.16478660734141,1.2045547867064699,-0.3181030818766232,1.1864713945326695,-4.8154061471419185,2.248784614585333,2.478525977031744,3.548490555110719,-3.000906175136361,-1.3711723333196806,-1.472631057258099,0.7273051089524531,-1.2058820859795316,-2.28525758167873,0.23596568035007587,1.9940630371457007,0.1301376744383561,3.764962853,3.028140595,3.396551724
-177783.06979999703,11158.491260562752,-15258.61205158545,-2095.3777759846475,1336.7929990081761,-2555.110322480636,6194.898005426778,-464.26067965507815,-163.3947493148622,2.9243436147646737,9.998929089405653,11.02815902357324,3.4192169852797742,-5.095445939843258,10.76732449975171,-4.8296756938785315,3.149261476871967,2.272407850642061,-1.8045227020934613,-0.8940788695277219,-2.351614273857396,-10.253833631541601,1.1457009574046761,-2.4532439240119017,4.958887340128017,6.223566974402175,1.0136153073041236,-2.149943065930939,0.9301105833930655,-0.9372454113467489,-1.4395808188147172,-2.3626291581807304,1.2411123250704466,-0.6698474144457152,-0.282817407175981,-0.849929674911784,0.5757177940797806,0.48234493807463324,0.47651229333190515,-0.571049070279414,-0.07300356505947976,2.4567410885524352,-1.092930972354914,2.0458439799886627,0.4011429105842706,-1.3321058457895245,0.9787036425987086,-0.9404242133014292,4.073721110880906,-2.3198024864690554,0.9769219015027615,0.35704630239620605,4.439038419815975,-5.053362454374606,0.7934836244255715,0.05097656945834865,1.4364264617689861,1.1135534735392911,0.950309202954034,-1.2906812699525139,-1.1144487730601123,-0.8641484459147722,-0.7809745547690711,2.653067263,2.154625045,2.403846154
-110981.1005496838,32011.896479448198,-28211.923480805428,11028.350826457012,-6547.449936488246,22466.145051317817,-8402.593631115402,469.487598981123,607.974165064337,-116.60766652300676,-39.75473000825748,-12.206289800311751,3.0402974188712393,13.1983521800394,-31.41196368279836,-10.057228875324798,-4.963639576294437,-18.262193081383934,23.703132583176345,-13.053988537609772,-29.02929942112792,11.57417270035222,1.857075291496466,0.6496454886406662,17.160002567996592,-6.1816239851333785,-7.421076424650338,3.701198621258946,-36.196284096158465,-15.756786057928782,17.57123061847637,-26.449755791645224,9.954020441812673,-4.602659271409147,2.220687753609415,31.47799251055188,10.217589658872981,0.8247794093143638,-4.491084306948279,-1.0630941849800002,-7.063642890872393,0.4277299188922363,1.0187918499098199,0.056528759982623585,-2.596773476798723,-7.743420855955846,-8.255303782526193,-4.969189787902974,-3.1067425787481233,-5.149152112145074,5.474101006707108,-1.733126757911384,2.1541028388978005,-1.657107611708337,0.0841562860096335,-0.7278373149008124,-2.7815641950146905,-1.2949176073031863,1.4808545144730014,0.7792175567244712,3.406835874718614,0.6954242386823243,2.9235697937666076,1.513780279,1.186219721,1.35
-111511.39139821604,-4217.33192855863,-17600.554249793095,-2587.409710164411,804.9756272799726,-2716.950172121322,-1959.5593662451142,408.75765076103835,-162.29966480038078,13.016135519483475,18.678826713330892,9.324976530691835,3.00630766296932,-0.01823594795094307,9.249236977534883,0.9251107487643102,-0.2682634113833762,1.8338477619509261,-3.198392408204717,4.595491257624415,-3.31496016994127,-2.976270101904919,3.8896072263797548,-2.2324312997301674,-0.07188253719748587,2.146500403428109,1.6137691141684904,0.5371194678928137,-0.6373094198685133,-1.7473754030741722,-0.05281933147037161,-2.7008468550069153,2.4762687906619125,-1.0593712348346833,1.7929663386858505,-1.5762477379523105,-1.2166209073904093,1.6289799150403526,-0.12620536297466786,0.5940295762037654,-1.0943908314657829,-0.2447680639166706,-1.03491909040424,-0.5292130672222805,-0.30679287969839075,-0.4516135775271829,0.4896563247139569,-0.7025295333061349,1.250669065450041,0.5122422667898456,-1.2428466334720436,1.0688012376010059,1.6783752233584577,-2.228986852577343,0.18814806912877272,1.3760182892031978,0.9430962601043589,0.06589142352674349,-0.8513757496944742,-0.5875531033158351,0.28124211468028293,-0.25800307728276756,0.1777941953960493,3.884859971,3.329425744,3.607142857
103837.30728488127,-4252.593833247929,-33681.60574339118,-6814.7939609195,1238.5424890812155,-796.3321981619233,-6483.766524191369,-602.6593314206956,-22.010230175924065,-47.459111668259965,-23.316688529183438,-7.688635113282485,12.92293192664404,0.7263651080275318,2.707558776147187,3.9449186604121933,5.4061859788543805,-1.9603476970564822,1.7900485657214686,0.19309887688654132,2.5812392050962214,3.1245521153440765,-4.95528981368592,2.120223046332925,1.3755753662202514,-1.1159816278152137,0.010391893088803178,-1.4915176035411952,0.8306005424665356,0.7556066744259275,-1.4443061492734353,-0.4305145320947838,0.13971960488713436,-0.5396049285364724,0.32407922847472065,2.3248226744503104,0.6732564240958143,1.5361321292524648,-0.3032048682942422,-3.125837902098595,0.683678343779015,-0.552683070627952,0.246966085568716,-1.3693023869480736,-1.5672736686673543,-0.13673232097918667,-0.14151504312141835,0.2344445711822169,-0.48119784070469684,1.2206362946636324,-0.5490304892544082,-1.0354704552944853,1.0487898510004363,-1.0751487410003722,0.40389735197476506,0.5496000374593172,0.02408689134197241,-0.5981324338808687,-0.7070671342746956,-0.7216534585211362,-0.05267230301827898,-0.962160840099927,-0.6093811143135656,4.592530589,4.157469411,4.375
209985.06856173152,-33395.45212893736,37321.94436706814,-29971.373670675082,-39052.227449629776,-21706.653026981683,2175.6080496077075,-529.492480128025,-143.1055380826272,62.90453168244748,-27.841986161092144,11.012869003042804,-34.26123757219171,-12.237594421166856,-13.447865620027875,-25.133130022194145,-18.181026110724655,-54.44289338055357,-24.354049478271996,-1.0491487574672407,-18.954878023723598,56.446528838320575,5.068012637930392,-40.451383962223034,-26.812086346259576,52.29127844255435,9.92207463309878,-25.324511817030377,-14.448700350943689,11.305946721500256,-19.708348409177674,4.981067437834687,14.974400759674715,-16.323520855289516,24.204070305128997,1.3275053829622634,15.322248870810395,1.9146526648980022,1.5328302712239235,6.557816565906209,-1.4300151207904794,6.145067777166812,-4.78745423277266,-3.5036440830693265,-0.33762774132865514,0.88166685179382,0.12296952964839962,-0.5315787633743938,-5.47894452855688,-0.5055336766079862,1.4699465148923367,-2.2784421363694105,-0.25649367719737676,-0.9481982860228818,0.8717869831012222,-0.2921559628486544,0.9678300652471344,-0.01641539677600363,-0.3936413241844608,-0.5170384985004638,-0.19322462042518085,-0.23782474078350196,-0.1775112345554422,3.210241176,2.419388454,2.814814815
-87866.50211970847,21410.74765730576,-23566.794347725925,-21060.931847098796,-15479.219672353038,-15519.970187952746,-3117.6138646072886,-630.2993163261789,-14.716537359850495,5.587674625027702,-12.70424181098415,1.0256972781924252,-3.0620020340006175,-7.19339513067769,7.739314518386333,12.732314325416784,24.097787078926398,7.549761518136732,0.6933272148116554,3.5789986522923836,14.943383035209921,6.3882421735946915,15.732166987000943,22.56974327442426,-6.234468455707008,-13.155520343142118,-0.7742371630832855,-2.420322069587354,-9.171276175296404,1.2882657530657207,11.145449826369578,11.825362419591638,-2.479289820909858,-1.3083080507135068,-5.026337627365728,-4.9600704816912655,9.613000110246938,-5.800610805239687,8.498375961513494,20.2145759236842,9.050282176487448,-4.085134574324064,3.8073860966759434,8.146853669559384,-8.144413335123009,0.41145684851715036,1.3362176662477447,-8.748910273481231,-1.0317708108687913,-0.3368377574172077,7.882545131894027,-2.3589834849627422,1.9245877243093925,0.9147253747421178,-0.6633354149190771,-0.7738909667656405,4.785462044297648,-1.6850897894569823,3.502872834861338,0.48652914511678425,-0.12355371106501364,4.835610403882258,1.358375898744273,3.165961789,2.619752497,2.892857143
507285.507179091,-14926.95738440453,-10085.79148824266,-2765.4290243396563,2483.251782052369,9808.876096505768,16337.71855141056,-97.62140785014175,293.09717911598597,17.410505203506414,0.06678815037251709,0.2538264771018196,-0.8352544785556192,-7.9830274179272465,11.4186251860113,0.981644703949456,2.3721770042275896,0.3979012806889074,7.693632494915255,-0.3271814701119134,1.5558004815017736,-0.5599580423593493,-2.8436741057883004,0.39047081902068564,0.5661550009975055,-2.2683593592513245,-3.378753703358459,-1.1849741616613243,-1.1553697968084384,6.641514818860257,5.086843756609513,2.807713605699697,0.6239170389385577,-3.325164378113195,-1.677502253635694,3.908991632260507,-1.0451174702168355,2.3831347609800266,-3.5451274813616105,-5.661013303226418,1.1457664995347545,-2.9698179188412044,-0.0861968849191769,-0.9136347299533872,-2.7929992752977353,-1.5655571773564585,-1.6994292486069387,4.68756400252455,1.2019371854037724,1.5887279528475649,1.6311407086329734,-1.8932124259005383,-0.4539184837232565,-1.7658887307801228,0.03333346563612207,-1.9347370557653323,4.308455438849178,1.0082076500275248,-2.253680506812983,-2.399077690523917,3.4313711199556307,0.3641808673603029,-1.556447803769006,3.044920759,2.339694626,2.692307692
240152.04350781906,-53137.786292836856,-3295.7383288434776,-92.14336902635323,-443.10355435472076,3671.6340995826286,-8301.207190004212,393.68194123961484,262.753584655183,74.35042540209821,-18.123304488147017,17.521006091208537,-13.747821308487374,7.21491983743981,7.972313063934136,-4.662383757024249,-2.825464552133859,9.223951429278602,4.223206527649851,-0.11602563371906281,-6.242315109928255,-7.262455231211927,3.7866443424387293,-0.5364330702038632,-0.46666591554976306,-3.724119623807977,3.8658546275095276,0.05783750200788759,5.969121574738466,-1.8613291322415964,0.17452886021453135,-2.1025572673599826,3.0216185615512337,-4.783386137087353,2.1462003512631704,-3.2793823638754267,-4.42739873995303,-1.9381944721411715,6.389310718315066,-0.5670202939183698,-2.991790386660716,0.8629416054351656,-1.3743414993131238,-2.474141022777525,-0.4134456930596652,-1.4411116722496422,1.1947405450220205,-1.8899955631444978,0.9316454072416895,-1.105237488991391,0.10165009719155413,2.5789078271502675,1.6073351130360956,-1.0901597897395718,2.6648345441782366,3.536303271139092,1.8797886028561375,-0.18571169566565723,3.518861022842525,0.884883064800803,0.8675532545053619,1.6744252591693138,0.34081423271330297,3.469450144,2.923406999,3.196428571
435792.4334267236,85548.54065771787,20471.53843848925,14374.15793583828,-280.2058310672112,-39364.37307034319,3719.2909475120646,-390.6348111037056,302.8172132448611,-257.7042175313086,-53.874557693405954,81.0775785483961,-19.762358098911886,76.43050229865015,-25.520209703387717,-3.7040857006029486,-17.726675236954822,12.063136403877357,20.3135519609391,-22.439352265685105,-0.3576216975251915,-45.102478161623054,-12.082495984844376,13.474735917557004,-18.026676679109674,1.4692890335393243,-15.251760631963805,11.053661856265206,-2.137408208595181,4.042134056552245,7.090445947522414,9.868495665625993,26.44981418745715,-11.410664521633775,20.382344928746,-1.5084512958248384,-4.003879732038539,6.025939016021948,7.604380128104844,9.47490681608835,-1.225989143514365,-6.930638558069709,-4.771723468681365,-5.8777214045220125,2.6905710147978197,1.8097365184094905,-0.030381875312705926,8.677591729751528,4.6224041960239335,-4.3830219432048,-0.4302830220479654,3.6222541152365637,0.6972296140013329,1.9005679542045621,-3.825179490569748,-1.0184392350413658,0.8434799347630868,-0.6495180392665171,0.03599743314711795,0.3941530500090282,-1.0189995254516204,-0.35494457964572046,-0.7182869327346582,1.363997599,1.102669068,1.233333333
-8572.136847605541,-16777.30341543857,3720.247692908871,-11071.459571657108,1125.2699902376041,40598.87201190653,-4146.316027630297,-402.21124992614597,-224.27676463505685,-71.25589094732405,35.79793425730229,-22.7698022898456,-17.92398914599696,7.452555548769597,-12.1885549905904,4.556204968585369,-2.0714573127731435,-3.702320081889404,-0.18014231001041506,2.8533887280633285,10.462606045922223,3.2450344613988253,-18.030813182074613,11.16071238082921,-5.975420527378932,2.61915101514521,1.544040028428974,-4.943117718914404,3.071009728147646,-3.7565522643651312,-1.3152908577838702,1.8056446497182372,-0.1102530756582527,-0.6747104905990201,4.5877883254245395,0.9550915060522461,0.11117148617333004,14.301263211241904,-1.5016318142560254,-1.2378359622906705,-0.9260155606594815,5.911057663906976,-2.610346770797622,1.5066314388107136,1.3075377750742871,-9.491637006551024,3.23277215554031,4.214236184670123,5.399552866461964,3.9057967015489496,0.7652828452869846,-1.355242437193001,2.8214894295993447,3.7631826106334967,1.8504066028877382,-3.947538910250331,0.7486282248285351,3.0676708034264077,4.692546883627148,-1.0081056996457098,-3.039032508515952,-0.3163979051322501,0.19180787881906158,2.147725643,1.552274357,1.85
-88041.57726270013,7414.188617751018,-34175.465587755105,-6403.600322374285,1151.1998484857666,-4006.6307589795724,-6196.011654332355,347.72285414512874,-152.87340006409275,21.79875798350713,-28.433279804619758,15.627389382551783,8.303504518423871,-1.3247319250633078,12.330250621954626,7.385012363101382,3.487474567935082,4.011552702292533,-1.653300566372423,-1.563363231227445,-5.989898357355095,-2.452326468517407,2.489865286072198,-2.9754499570232475,-0.8139373233990032,1.6579334877938112,1.8366904153398746,-0.8039141853542,2.589213020259772,-1.8918354038458205,1.6942614492860093,-0.7263025694415014,3.007530870126879,-2.7000774227636675,1.4370618947841225,-0.8104858948121229,-0.9944292201577013,1.4372379023085151,0.948107160008065,-0.28582281577284235,-0.1043191027375633,-2.723030867163056,0.996279995796378,-1.3976715580358912,-1.9014098442055059,0.26702187923005155,0.14728985906923303,-1.263874576546541,-2.6259050199186316,2.191012934337363,0.42526947947464266,0.02320396137265403,-1.2087792474677908,-1.1330706359585097,-0.29628652185771337,-1.4649454851714683,-0.7601329923666784,-0.3238706341841008,1.1517008831688695,0.3303622378586786,-0.6377373950113457,0.38683701153727384,-1.4199787329232025,3.94604759,3.313211669,3.62962963
246964.02876949636,-52399.61725118409,-3015.341990119667,-58.39018601431385,-370.92783995020113,3879.7161249586343,-7490.172924953081,407.1442614159948,158.70030974667438,81.57322252491528,17.72962816079481,7.782365010221362,-10.773473379006173,5.429402825263317,5.346117703657411,-6.853460160099218,-2.405631687904666,6.417690642410297,-1.0300127843239173,5.566672688179668,-2.98855662736928,-3.3053604910722156,3.8260698235250485,-0.2418871464835849,1.9583093122068371,-1.3360255767653961,2.4035696053901785,0.6727979623607899,3.308321682369803,-1.9606126381375706,1.09831768051619,-1.1977930682788802,3.8520845348561465,-0.5880215415549419,1.5685220938947788,-3.6940665971058064,-3.433634763686985,-1.6153616806462583,-0.24204318063916466,0.9704038261277417,-2.1674213702662897,1.422267272742606,-1.3003961588584703,-0.5981883691839104,0.09772890338812058,0.5181062228259279,1.201069956182292,-2.1626590526039795,0.07799613697558054,-1.6657273356485875,0.49989540203811267,1.2635921624917312,-0.1555208326235575,1.3399334669527476,-1.315525211198899,1.2538108227361324,-1.2143228803326163,-0.3672671055640938,-0.6202028043383028,1.010216504389737,-0.7102881951253708,0.7448133140622241,0.4429246487032178,4.586922149,4.190855629,4.388888889
-210255.53414176792,-10573.705386213802,18563.332851369854,5625.318761931702,796.4318106760295,471.73915803004604,16400.22524333814,693.1914384118978,-104.4675171650687,-22.790510869130348,25.914531940443172,13.129013702722386,-5.607540179125006,-2.992181936198616,10.232814043635571,-4.83362684766821,0.37566775069818786,-0.31673663958569026,-0.8764629095424621,-2.7345774139348045,-6.325625440925827,-2.960631005317366,2.088790933264857,-6.171437591472728,4.65602875815553,-0.29303592946403995,-0.6458296677915646,-0.4206626421435983,-3.5488883570369882,1.4026227260042272,4.4211138376059305,-1.0110939672344403,0.23198207606875582,-2.755545122447052,-2.0861414921137573,7.825435521048464,8.733192203332415,-2.391810270518006,-1.1708085399867798,3.306230887787402,3.689647491280051,-3.9819107777145994,0.21376587281611065,-1.492392814375051,0.8953328457560333,-1.2324874821475287,-3.930003152623177,2.2406435938303235,2.9639256665491636,-1.8324473183599526,-0.24226603819573378,3.194845034374856,-0.9371473313999785,0.3321463958595719,2.195517987846187,-1.7495596108400415,-0.9118263264089878,-1.1423097178489063,-0.9680632488589823,1.0433423159558075,-1.1235222879375875,0.6109968147740009,-2.176819240750285,2.624756782,2.153020996,2.388888889
35595.50249867748,11943.183511005294,-32611.76894847629,31661.354451914613,-12278.410294391488,-2204.933880340774,-15436.47801836633,239.40182623513815,-44.6721704698693,-30.1315022410463,9.432685842285169,-18.211149533333348,18.318934591522176,7.194330635202076,-2.8580569953314616,19.708945236408688,-2.081474140314018,6.498815364377639,-1.6628168010853426,-0.6985937798895233,-8.165263535214423,18.467457725192546,-9.002667866981316,-6.688874389751654,0.49741772954812397,-1.0161126764562052,-4.776726467557031,-4.798397923754696,0.3581705980090292,-6.355769668227587,3.5543792651415034,20.28970124267939,0.4325951071320452,-6.8767213830272205,-6.9950880376044475,-3.469151344765,-4.325276363034535,2.3843415079344394,22.90545950948359,1.5527474077567291,9.046818841789122,14.452961132257498,-1.4069359722091108,11.962852824525797,17.579315270184026,-12.358329891596167,-9.301930868731917,-5.852702140964508,-5.306843864678725,-0.5127195544372725,-2.6649700836281336,4.060118880090448,-2.0021967628756068,1.5484307235994776,-0.6351456358537232,-1.0586038282957662,2.4692450835395414,-2.2378134791799424,-1.636147073061252,2.772819220353921,0.5738453719474721,-2.7730983874460775,-2.6732659389519022,2.405101776,1.828231558,2.116666667
330019.0874088998,-2390.3210830347602,3730.501430413161,-6352.709710336231,55747.33795461179,-15132.12761567519,-7696.058785710163,419.2541507732185,-204.73227153459604,8.418966584867807,23.13841766930389,-28.976057765121826,-0.4600989715288692,-4.137727232828239,-21.56082298055721,5.018564956667945,7.13231388011633,5.0229916075941325,-10.359532065449848,1.7304451891669799,-12.434965802334265,8.528684854982966,14.976031462171045,-2.9119911873992437,-4.97303662950373,4.295702538249179,-10.168195959471424,4.7882043860107375,-2.515397883897098,0.6955507785389347,5.257830356824607,-0.9029086739313487,0.7147812251796563,-3.3793585334969927,-1.707766571895276,-3.979728120086342,-2.6291767829350277,-3.139293716889406,-9.498553826621077,1.7866580891477672,0.01239161975346408,2.187956149864134,0.4377296556839407,3.644747156923139,3.4440408543536423,6.358334126926934,0.766310945475523,0.10171739504657004,-1.3224593390918826,-3.114242784247712,0.7248533467883913,0.5373289480772664,-1.7848114536853101,-0.26790204491500036,-1.2962436901665442,0.020587966490825355,1.218517417210778,-1.7426686712093844,3.268765874589291,-1.0679957402946445,-1.4961533759162553,-1.1819881891540391,-0.41495022737704895,4.717505416,4.282494584,4.5
-63313.49573131716,-31773.935259828966,18946.931147272935,-7422.139190755451,448.5967558676807,40924.31740470896,-3649.000264416588,-417.6062426412826,-358.19303781842666,-56.779900343003014,32.98943984980366,-27.04170846439758,-17.313928249410747,2.6404767601066252,-20.17923562113519,-4.990714439137862,-0.2988335350521109,-3.0446616349001845,1.3473324780068066,3.5373920234158347,17.030715156671427,4.799457484490063,-13.380371592641847,4.905321486571522,-10.229904708581907,0.9337771351204196,-4.105264499825197,0.7498748612486674,-2.0278600610848403,-0.9124987085184082,-3.9208179348159367,0.21331581155547624,-1.7485356207997096,11.175170476194403,0.3278163767731582,-0.967109046127191,2.5469423257099466,1.1778468263164699,4.612408506408037,5.939187901198279,5.168760977630634,-7.67313828805972,0.4639673484068941,-6.485075154027347,-0.9895912683717257,7.46843916318018,-3.16280446768235,3.813919799980057,-4.418678625866505,0.27935048797746576,-0.6645659931526903,5.490656671490403,-2.908457296489533,-3.472166034388461,-1.4661835815362674,-0.314931488303982,-1.2975624665193806,-2.026175050190883,-0.33381473858873195,0.23603356274390752,-1.1514096926604105,2.4940037996946165,-4.066029707160727,2.970983131,2.251239091,2.611111111
-132848.5250876097,-15660.2349057857,-854.9481043546037,1257.8418659107967,480.87771531434277,-1352.482671063347,2563.5627251397354,475.28850605288153,-172.00899607440135,6.870478966279553,4.3241114359317425,15.588587530413205,-3.0343760628527394,2.439237627068732,5.711772319781033,0.3065235278501606,-2.523786895218274,2.908390956461499,-0.9959525917687386,1.902327694648122,-1.8373091180945513,-2.408582569425385,2.9520443291410206,-1.7897018191282719,-1.7076642896143517,-0.5735471589059362,0.7337484336915765,0.26553341349017806,0.6931156411521796,-0.7280415558658668,1.2276580053413,-1.519744866074789,1.0493073045616736,-0.750676069458778,0.4992750856861321,-1.6090074864667028,-0.2332361481003407,0.21901003144420148,0.17412502658984963,0.896475690186287,-1.02556817677827,0.045356305479622876,-0.9515433127769769,0.42058859662746056,0.35968247295524275,-0.36412164894375454,1.3947507108633268,-0.5864087833018236,-0.45733724967089073,0.6302289327152675,-1.2634319891867087,1.0704716862457295,-0.6775615587564632,-0.2578319964006681,0.38921913478211695,-0.6651546420787627,-0.16593696572355385,0.9167977832965548,-0.40354628998774345,-0.0013255564554435163,0.23404005943144118,0.44956812379538885,0.08478804223234755,3.846189416,3.296667727,3.571428571
517257.1429616266,-13840.122740007897,-9681.205460205978,-2719.0481330731727,2589.184752365382,10118.118649799533,17523.082547032067,-76.95967723445563,178.03205662738904,25.686807557089555,-0.4908120931040916,-9.813216698654022,2.507632590112089,-10.580934212645746,8.410819406994966,-0.018136996161950004,3.412213601264141,-0.10488595299813179,3.476988555984994,-2.6510371338812937,2.9686668220318326,1.0490664109924936,-6.0429477897001815,3.5928166247402324,-1.6892536254840496,-0.43449610893395446,-1.3319896945133538,-3.159627274787472,3.8523949695091604,1.5481115866499255,1.815639421365611,1.630262939942754,1.0543918086738897,2.055317415360377,-0.36607410960969244,0.27548780801457806,3.1761197656102556,-0.02861753280700826,-0.47755392344486824,-2.0263992093475194,1.9556694859608332,-0.01336510796826346,0.9993455065047939,-1.54412441824765,-1.3164239531088955,-1.561846540296783,0.9506973164295812,-0.577282099774835,-0.803569333064516,-0.5421666076631234,-0.6054270888371437,-0.31578693774204714,-2.080985832545945,2.5066578086685003,-0.22839099913597727,-1.9920771491305294,-1.1533716022171243,0.5707311629358827,0.03199871712283575,1.0085731808776146,0.029677202954253325,0.051655415747759295,0.9029086614278222,4.659037443,4.269533986,4.464285714
-224695.90033519326,12602.15499422288,33152.34357549742,-9109.307895661876,5791.288493951768,4210.665215127716,16215.878400344676,-238.85161410837938,467.4668926504148,125.22359642226871,-9.30336048533398,-25.58612173938094,62.295550687747166,131.18148884889945,2.0958845301630062,83.86518738739677,21.625825421731157,-26.29676078796275,-24.74773876044925,65.84489021383055,-23.37884858484471,-13.495451477996642,-12.10614315527017,-1.1247385877412976,10.449578429404994,-14.521965432712724,-3.094875053569491,-29.812249981796523,-25.439041666350978,-4.07791740565759,2.5004866242311143,8.3740665994699,-0.7890118528141598,6.465870119726501,3.0449619904978813,-15.687690806412146,11.267640722876147,-5.797794591189964,1.4130969780858698,-8.876603257203522,-9.72909862259003,3.1917363489589983,2.2861764061020873,-1.3244398619405644,-0.45286661819210905,4.169821379168982,-3.485644781083914,1.5863729201874892,-1.1798959678090182,0.1244904651766509,0.04154119186300972,1.1478940944878075,1.2209903851191815,0.053150579679769466,-0.4517388047704591,-0.4776030183246338,0.38081309848915373,0.7988704329719547,1.033978036611807,-0.06476336121832627,-0.30549669162953386,0.3790325679804095,-0.4028222428290782,1.659640274,1.271394209,1.465517241
-109808.71505541122,44567.060068264465,-10893.211824471779,-29969.39000357046,8989.838358062432,2091.022071573255,-6185.938134343967,-542.1687725994308,536.9082293675677,76.92982677570528,-19.20358089131388,12.874358156449805,-48.38353312042899,-0.20162843669400912,1.2189789776283477,13.173751777515127,0.46319877169974216,-35.681097343579424,-32.882533038929175,-14.880448694026324,24.70137580407539,25.128636752700327,18.756432819026504,-23.893568236828834,-3.3315453626742464,-5.942938001823889,1.6742785654453385,0.5160043939537442,6.565077471306822,12.55931171194078,4.874672308550405,10.411581795465201,-9.60960907662984,-7.753037184852652,-2.8700331037903304,16.584536764097184,-15.110675645917633,-18.108831153637304,7.111709390131696,-5.425970529378732,-7.205771088718706,2.9911692555084493,4.148992514424381,2.8085529109664447,-6.481835732826577,5.025431531941575,-0.17670068757362695,4.10403346625077,16.38833155784482,2.094614205830671,-0.7755109206615989,7.472483325860772,-0.6189849258913703,3.505205438767067,1.3601378564145556,-1.4394130331957884,1.339606820782509,-1.7820012530494627,1.6074884865305807,3.1533315494049505,1.7072840966644813,-0.35085954605835445,0.6138533583676615,1.642556938,1.324109728,1.483333333
593669.3936262785,38771.484232298695,-18411.513963217698,51530.72433377817,-15567.617637467552,11453.930146871933,18307.42834463824,-13.285176302033623,67.04207557751354,15.922491054371937,-9.820094807917345,34.65133320510987,-0.21289112421618867,12.955532791297298,13.76689077334909,-4.368875091259778,-8.423273758517771,-6.210568617327738,-17.07117654492294,3.553838362853426,40.0617050700257,2.000913471667722,11.946597758777514,-2.120916487465394,-1.6934311543199818,7.768917031415591,10.657671049092425,14.038263088719537,-21.98485074341216,-8.236823851068829,14.546545607985097,-25.536679938476265,-9.354640288718656,10.660370340911847,0.9445140582027544,12.340648790193496,-7.871594922796839,-1.8796333330633002,4.484164079851202,9.483880143609534,-15.182428319078136,8.65573737235621,-7.932640407026835,-0.4012471079759195,12.990941540143362,12.827311315634034,3.2146261742136737,-6.9377499109915535,-1.5252742350145911,10.281169126335286,2.090912819620586,-1.155414287282006,0.5036633711730989,-0.32474660151729606,-0.09625493618784685,-1.7753132767255548,2.705816636836744,0.7935906776905238,-0.4697972978569088,-0.9714094639202664,-1.7372699224995871,-0.23922142022642326,-0.8317824651276186,2.156586714,1.73996501,1.948275862
-92459.22606301135,-34947.04835289046,17766.17558644035,-7561.171859071197,139.37994520578104,40030.934321256784,-7124.025155729248,517.2724884839209,-198.06665200599585,-64.50504945057112,6.026780329027456,-13.440171534275395,-16.687511883266325,10.043765836143558,-17.17970186089672,-0.6391417970228269,-1.858533756754449,2.469149584234842,1.9617906934067812,1.656361641502328,7.902675978033916,5.4481939129902806,-15.385998840669801,-6.603665368686149,-15.785441198357955,-8.1920196008591,-0.6614779998352285,3.0848518690564006,5.320828460545034,0.658445824580824,0.5397188766282588,-4.397492462940935,-0.11274738513253282,2.5271329846874093,1.3326476934533271,4.591572321995951,-3.529981793990594,1.6995057854266336,7.794155862472469,5.7086978375054125,0.6257972333761955,0.5214671652249819,7.497439976329524,-7.062958413342901,-4.530306778859431,6.136790754079008,-4.529607348264576,4.478036598383915,-5.401605762147273,-0.07223873820132405,-3.128425816751642,-1.9514492559418275,-1.9759532871274716,-1.7722794628362375,-5.418365208213416,4.945595548255436,5.766481710844207,2.680011880234026,1.648665410837826,2.223216735344551,3.778624890971022,0.2746873345210245,0.7759779581075172,2.728516741,2.054091954,2.391304348
-96471.00174229148,20285.016700988635,-25410.00676565095,-7633.307763182609,24941.318047788445,-12721.70909130585,-8548.169920031161,301.50125286051747,-210.28209546383115,42.33793569129954,2.370388619866313,5.430859324516272,-0.3644768913576725,0.8000096562543773,-3.6880722380900326,7.72880216826153,1.4801285442314904,-15.028037980390694,0.9938986226712695,9.48274014004763,23.996271271973075,-4.901343622128768,-16.451108151737028,-7.0325679334358275,4.1458966332313,5.969338606323554,5.313060737211692,-1.4083181266673488,3.0342259759045813,2.4075368302946485,-8.099097922483178,0.14695373598532796,0.46942792884941964,4.656154188337488,5.794129893454658,5.0840027651407365,-4.361628288827272,-2.004229661729902,-1.4395523663877694,-3.3008657406748463,0.7446053045369725,-3.3619984622559094,-6.5747661308628,-1.030969834818477,1.1044153391012395,-2.5755707515434905,-4.278953827092488,-0.8454122185355131,3.714152117595521,0.7798023439376804,3.9378222906319613,-0.6163226370315602,2.1383439506299617,-5.618448067815239,-2.589014198425421,3.9784860333303427,-1.6894826660022035,-2.4100181235619997,2.0124506957869706,1.658205683224555,-2.8311338453496298,0.39025457308663164,0.05103833997967097,3.824198457,3.329647696,3.576923077
-184052.13990181405,19156.951573616672,-9777.272752285086,-2871.8654300380945,16308.653475034958,-8076.3257632797,4610.203023849363,505.38231839457376,-143.59977278618808,-10.097378750898914,8.248002941019946,14.303308522242398,-0.9701810751270445,6.5997793540976915,-4.583222232831215,6.370960327624867,-3.7233550018849653,-20.560114599312996,2.953925638798005,15.013101430362855,38.54954205657802,-2.5401039710190756,-28.948148310606413,-5.961973298018114,4.47202112265762,3.668140732114443,5.436423012711794,-1.9461699382434134,7.255244790559202,7.014685496983821,-9.482319448771284,0.5807426663715295,-3.549451780434549,11.184712103612341,8.48061290504833,6.788048441824627,-1.5374660171019672,-0.4118851942671288,5.351961615072015,-5.6457777527636495,5.030335498536313,-3.0062202105489497,-4.712130917416207,-0.3658338702353694,6.932427332782803,-4.138843346733039,-6.831054957182326,1.9734216644068527,-0.4751985406990028,-2.2093362795061267,0.6856722604286899,-2.650135203225082,-1.984367055396477,-1.605821233223248,-1.2399354293183287,0.7738056533351025,1.4320407917286453,-3.0699755636484745,-2.606377656476251,3.097655371333633,-1.3004413403523996,3.730119965652904,5.0680183591437515,3.28166657,2.785000097,3.033333333
444428.55588343396,-12702.360080300203,-30147.79783465507,-6991.559326822005,1915.4145911831397,5885.682971939553,1854.8103191984515,635.5127644057669,157.40288053364938,57.12168800753524,19.386771923660582,-1.642401167869724,4.3035721150287305,0.16659554483665256,12.30020962190262,3.2418684761292544,0.6979925190173558,2.06351624873302,-1.0500339751197503,6.651453106931784,-3.005943363737079,-0.27726983749480094,-1.77023831399771,1.8850344897203108,-0.08678638061157934,2.6378609854883224,1.296741620453052,-2.9437577498586767,1.9278443759548682,-1.1151985962435627,3.146827452843876,-0.32749266589730697,4.299912525297367,-3.111896062455768,0.5259670741504021,-2.89010285565713,-0.5618323157487093,1.8108839957212597,-0.17419511851890035,1.9949180955986456,-0.7252025251996064,-1.913205383566018,-0.664757903422544,-2.52282072083775,-1.3692718032367597,0.5859394908252779,0.07772756096218972,0.2549900113033916,0.19401307219395098,0.10816570179347196,0.22791096603415525,0.6557960575065492,-2.7971299295946914,1.3564866999537177,-0.09561911740565507,2.056431649598031e-05,-1.9325278804896564,-0.3160771835634224,-2.2932887792132504,0.8487203279499372,1.1493029463173037,-0.2594490498431847,-1.1750207702303694,4.119839898,3.472752695,3.796296296
-190114.21770998198,696.2940500280531,1851.0884203254088,1792.7224307363088,1108.0768412818643,-915.934444593195,11786.191331967406,-377.46734503514017,-207.98275539885108,-0.7218834208195756,-17.840478686872366,12.258911493845561,-2.0368533799809456,-7.782305955235572,8.229217772353213,-2.513190309031772,3.389370984980622,0.4555587423362408,1.3142697225721574,-4.605491172128563,-0.23545533015068812,-7.826655671529455,0.7398730751251948,-1.0883141262977818,0.20031316770902896,1.5049220587719894,-0.9277196673314809,0.25561601710706316,0.9847861384492637,0.04089338504346841,-0.08263772630230524,0.6326253241993365,-1.2544475023100137,-0.42499769929372294,0.2541878785818741,0.6095125453088804,1.0139695954863648,-1.1978147691585403,0.06472228772150942,-1.8169698111948078,0.028125105595337672,0.5453980501246319,1.5242500241782744,0.5991733131355783,0.6694693621885233,-0.8534997077194416,-0.6263748949783609,-1.6219692931397374,-1.5408608247467808,0.0328330635712951,-0.9490929465194594,0.47379021467723464,-0.8587542736306641,-1.2071638476165913,-1.018935848725566,-0.8872862462092944,1.050292409619231,3.135766382199545,0.48932741616615627,-0.3396447869000476,0.35929332840798545,0.18548728797097266,1.0539439625930846,3.444807906,3.003467956,3.224137931
127653.8428387956,-74467.57207966625,9674.147833917374,3300.630437586909,-1731.6418719080505,2243.5334195603073,-14619.475286374422,243.35125047669908,110.45001814959164,104.5966640000637,-9.541839671102252,25.235498980597992,-19.513939730073243,12.139053322399848,1.3216586250587252,-9.869137326434638,-5.797627742329375,10.668208581107416,0.05022963463570971,2.3945008340142984,-3.609809102086853,-5.784728461999742,4.994666136981356,0.8234871374197468,1.9030384785141294,-4.534089516270069,3.3581569837582865,0.9763113825303535,4.169376673601301,-2.004652159416915,1.3087747487629184,1.1595770339661566,3.0541702590451867,0.36949579714001346,2.169172347085603,-4.873064532337325,-6.070356065167316,-4.596535064020438,-0.14708165286503094,2.4055266255858134,-1.1533732498266438,-0.04734054527757337,-0.7470051557667707,-1.4822538430459737,0.5146196524279122,0.94178316096463,-0.7498452080568747,-2.977121234313656,-0.051835871247734554,-1.3652430714864658,1.694405539692438,1.5601700930287885,1.1932260544049618,-2.216402948398407,-1.3074591422810442,0.9551776467555564,-0.6678837425705668,-0.939239202857661,1.8403415401901166,0.32277790089311265,-1.1548889847093813,-0.08636644097918497,-0.2854412764643824,4.095679394,3.504320606,3.8
-125529.47621402456,-14861.666654884828,-558.1294203753588,1292.3678462975513,558.8546736021376,-1124.6558805523355,3447.6332212314574,-505.8328961678328,-135.49574945228912,2.00927324630856,-3.784963389102639,19.00810739401911,-7.190987325531329,0.266540567195299,3.776416418910442,-7.092042926908834,-0.9915411298085881,1.3638966134691564,0.5810138773946534,-1.0616885613826275,1.0972275423489843,-7.031222271996522,1.680121866550594,2.1042198718870004,1.3702995738997739,-1.8159001827187669,0.14291390389273606,-0.054254787007964385,0.19086119430269147,0.3312268222421021,-1.9553645701041598,-1.5758196853529072,-2.1042047361899416,3.747850892323575,1.1939067317053422,-0.6205917123109655,-0.7269436095519971,-3.765459004659179,-1.0645363046435794,0.18442682214785283,0.08135290612916472,2.6193738503721926,1.4114387334192429,0.26767191490165343,3.922646430396584,0.7388661317675332,-0.7445024918109042,-1.7741342014393462,-2.583899358066388,-1.9626141270494144,-2.527083130098728,-2.863853205357298,-0.04199192219895264,2.2617814688474356,-1.2857724818908907,0.7601070986570883,0.880166330349083,1.4992250413148978,0.6496643028846918,-0.14708034259971842,-0.5786093112750635,0.6013649619685149,1.4489719300357327,3.772468808,3.193048433,3.482758621
-4587.5884326275855,47064.65999952641,-11133.250748088434,-2744.842320342052,-37080.50173401985,19604.606893620392,-14047.280940941997,419.82023406511826,535.5186392417999,-43.30457819446608,-13.781650794770082,-18.94661331933191,-43.86425249933405,-12.738760802061732,5.522393112564549,22.936550862167973,-7.3775218153722495,29.941878849444855,22.869026431843693,-7.159431906228987,-1.6607997038848343,-31.740474647195988,-1.0483537719419356,-27.014537802085137,-35.149815416966064,-7.409812985387209,-28.31411241442013,-12.42143609297599,-33.191583010256835,18.26746788754826,-15.210653131546554,-14.819539857177118,-24.99953195142548,-9.096351049643332,3.535627723211489,-10.083970030325707,-4.270457239181769,-18.07008744569043,-13.78781831558308,-7.8455246773118255,19.91619049426092,0.6296730042560137,-10.103852229716216,1.4092112531543892,0.04827379406545698,-0.031138709319096843,-1.828861271972712,-0.8169993662592496,-1.8734631600914249,4.309871945597855,3.341565834255443,3.583544711572603,0.41614382429912117,0.9192120065164998,-0.794187907077903,1.1517802414060314,-0.5246774142004048,1.0407090383214457,-0.5818258723087932,-0.259962250081298,-0.8315018626273394,0.021431602907890028,0.0537044550937987,1.384178612,1.098580009,1.24137931
-208652.22729858197,-10399.324023760108,18628.07884687425,5632.927004532627,814.0482311187097,524.5472941781184,16608.40215286766,-304.91279049774073,-217.8438820987981,-10.838015380876216,27.628498875990868,6.7890367617352725,-5.862166930313288,-7.6977487513631475,5.011583518291239,-9.37438083458255,-0.12442403303614523,-1.0169109757042847,0.7169605288351198,1.0263822955559008,1.7736743505300536,-7.578421575976957,2.3830400291050347,-1.4093277480584379,1.3497970073417227,1.5362124057552955,-1.533904464129276,0.47464628384530166,-3.9554740831647637,0.17175320827004123,-1.452023870052225,-0.18318228123532798,-2.829632709396643,1.5892018405064334,0.43057467312055375,0.6579113754371283,0.7664928677397496,-0.33164709263467973,-0.19809346414554696,0.8322435206115474,1.682139967170063,0.7835706700091525,-0.46696058896358206,-0.07861231045604634,1.1402806871108864,-0.015286737171988229,-2.683790355424094,0.8776195523830008,1.0353763031243641,-1.2087809944127295,-0.3996178233278732,0.06343882546900532,0.3085060287985036,2.347479434609845,1.0057749922825918,0.7668671806401999,-1.6403213737036262,-2.0586078074386145,-0.17799722439240975,-0.11671427087016005,-0.15361330919941504,0.23572400315283662,-0.2593510704451717,3.228121605,2.771878395,3.0
-26583.557794877408,-36651.06543421823,-3830.566155433904,438.7254040794561,-338.62511018583996,-759.8184225003879,-7893.891358899563,324.4246300327009,-25.108016308502883,-41.94673974056626,-11.026587623434997,6.25778872548495,-0.515402831578076,12.51262601061727,-3.0888615271172246,1.5278918520454972,-2.686640844354712,2.0078356091738345,1.1477760219795587,4.207317959093594,1.7746609039938186,4.259642024289186,-0.8305324117811853,-0.7015966518351239,-2.1188667359202964,-4.830284419548832,0.0380131073743776,0.1675520617338549,2.148665925363372,0.1019339789074739,1.1913433095222499,-1.558508343675993,-0.5306844555564086,-2.2571715307762035,-0.7093133151427545,0.1365610558780583,-0.5343557311463691,1.1792377427150813,0.15349962528310127,-0.4814718884642351,-1.0519579775175008,1.175416060669348,-1.8785173118169776,0.8984182363411404,-0.48089272016983103,-0.15340733082997507,2.2239682763834243,0.6820758070563516,0.33633405538023264,0.9247194071625391,-1.834120788311214,1.0056342254539274,0.6767113918096513,-1.0681596233146489,0.638320848210221,0.7433434044852272,1.9320994967227185,0.6355121546472827,-0.7548870557955999,-0.6428241756151959,0.5730874159230975,-1.484868321092583,0.6212197313239414,4.329362543,3.770637457,4.05
234048.4047354381,-62878.92683894077,13983.423873551303,3807.0111722439688,-604.8325400255832,5495.357314085505,-1986.8032729219087,-506.8149262052276,128.04540715323807,75.83231659772159,8.696984146328226,8.356910579199997,-17.279994253458863,2.559429808104474,0.2884963548930678,-14.010271881697053,-2.0648530103610163,5.288403746121201,2.188461055645573,1.5017472186972272,1.3464459388489376,-6.42480141147786,1.1761267962079742,3.820625566251809,4.4048306270921,-2.9296749713914614,1.264121659712104,0.3926774823742938,1.7350555557893816,-0.22809099553289325,-1.4403152483127646,1.4991394654136463,0.8847439729189339,3.2125630894421766,0.977707486223451,-2.8766403379628596,-3.621752764765272,-4.361989539587872,-1.1110149984696485,0.6090320613408522,-0.01614705149155645,1.248647886586687,-0.15929319835178032,-1.5195267619755697,0.8023267290077559,0.8297530067499235,-2.169829068295956,-1.7699598666835983,0.700714350564638,-2.679689799807337,1.6666745682771067,0.7369128139584646,0.502503978570276,0.5752936068596253,-1.1451682666716934,0.6520538128184566,-1.4962455574631044,-1.1449171002078522,0.7443499680731747,0.06559591730998976,-0.8020678813554205,-0.49091059079905147,0.1393390038239047,4.392735837,3.814160715,4.103448276
